14485065
14485067
14485071
14485072
14485075
14485076
14485083
14485100
14485104
14485122
14485134
14485142
14485144
14485153
14485214
14485250
14485260
14485270
14485275
14485278
14485300
14485303
14485305
14485307
14485314
14485352
14485363
14485373
14485380
14485389
14485406
14485420
14485433
14485436
14485437
14485454
14485476
14485494
14485503
14485504
14485508
14485588
14485590
14485609
14485615
14485619
14485621
14485632
14485635
14485639
14485642
14485669
14485671
14485680
14485770
14485822
14485835
14485844
14485846
14485850
14485893
14485933
14485962
14485964
14486039
14486058
14486065
14486081
14486093
14486095
14486116
14486146
14486154
14486163
14486173
14486196
14486208
14486211
14486213
14486217
14486226
14486228
14486229
14486230
14486235
14486247
14486254
14486265
14486327
14486328
14486329
14486333
14486335
14486340
14486343
14486344
14486349
14486355
14486369
14486373
14486379
14486380
14486381
14486385
14486390
14486391
14486393
14486396
14486403
14486412
14486421
14486447
14486451
14486452
14486453
14486454
14486456
14486458
14486459
14486460
14486461
14486468
14486470
14486474
14486475
14486477
14486478
14486479
14486481
14486482
14486484
14486485
14486486
14486487
14486489
14486490
14486493
14486495
14486496
14486497
14486498
14486499
14486505
14486506
14486507
14486508
14486515
14486519
14486522
14486524
14486526
14486527
14486531
14486534
14486536
14486539
14486540
14486543
14486545
14486547
14486551
14486553
14486560
14486564
14486566
14486571
14486582
14486585
14486586
14486587
14486588
14486590
14486601
14486606
14486607
14486608
14486616
14486617
14486621
14486624
14486626
14486632
14486659
14486660
14486667
14486670
14486675
14486687
14486709
14486722
14486723
14486732
14486733
14486734
14486741
14486751
14486754
14486756
14486762
14486768
14486774
14486820
14486826
14486848
14486856
14486864
14486865
14486873
14486874
14486880
14486882
14486883
14486884
14486885
14486889
14486892
14486893
14486912
14486914
14486917
14486942
14486951
14486955
14486983
14486991
14487007
14487033
14487046
14487049
14487054
14487063
14487066
14487068
14487071
14487089
14487102
14487111
14487133
14487143
14487171
14487177
14487182
14487198
14487209
14487228
14487242
14487247
14487248
14487256
14487275
14487278
14487279
14487283
14487294
14487304
14487308
14487310
14487314
14487320
14487332
14487337
14487348
14487366
14487395
14487396
14487415
14487420
14487429
14487433
14487437
14487442
14487444
14487451
14487462
14487464
14487477
14487483
14487489
14487490
14487492
14487493
14487496
14487499
14487501
14487513
14487518
14487533
14487541
14487562
14487567
14487578
14487593
14487614
14487626
14487669
14487676
14487691
14487700
14487727
14487728
14487734
14487738
14487769
14487772
14487776
14487790
14487793
14487811
14487812
14487815
14487845
14487858
14487863
14487932
14487936
14487955
14487967
14487975
14487988
14488017
14488039
14488100
14488147
14488187
14488210
14488220
14488223
14488229
14488241
14488282
14488322
14488341
14488412
14488450
14488454
14488469
14488473
14488479
14488481
14488522
14488539
14488546
14488578
14488597
14488602
14488605
14488611
14488613
14488635
14488663
14488705
14488708
14488727
14488748
14488752
14488764
14488773
14488776
14488777
14488785
14488794
14488797
14488810
14488814
14488858
14488877
14488878
14488904
14488908
14488938
14488966
14488979
14489007
14489022
14489069
14489076
14489079
14489080
14489081
14489082
14489083
14489089
14489116
14489133
14489152
14489162
14489204
14489228
14489252
14489270
14489306
14489319
14489328
14489350
14489362
14489420
14489431
14489434
14489474
14489480
14489485
14489495
14489536
14489538
14489539
14489541
14489554
14489557
14489567
14489568
14489582
14489586
14489661
14489674
14489677
14489687
14489710
14489816
14489826
14489827
14489894
14489900
14489928
14489953
14489991
14490014
14490079
14490080
14490084
14490103
14490121
14490138
14490148
14490156
14490161
14490173
14490174
14490202
14490210
14490220
14490232
14490240
14490281
14490297
14490325
14490371
14490390
14490394
14490396
14490403
14490407
14490537
14490543
14490546
14490557
14490567
14490586
14490614
14490628
14490656
14490662
14490665
14490669
14490682
14490684
14490685
14490700
14490703
14490705
14490711
14490727
14490731
14490732
14490741
14490818
14490821
14490847
14490856
14490877
14490908
14490948
14490963
14490964
14490974
14490975
14490984
14491006
14491022
14491066
14491093
14491197
14491229
14491242
14491281
14491310
14491384
14491428
14491434
14491441
14491447
14491450
14491470
14491479
14491521
14491533
14491535
14491553
14491577
14491662
14491706
14491735
14491748
14491757
14491787
14491859
14491863
14491953
14491972
14491974
14491987
14492024
14492050
14492065
14492067
14492077
14492078
14492079
14492098
14492102
14492127
14492138
14492157
14492184
14492223
14492243
14492247
14492253
14492255
14492256
14492259
14492264
14492266
14492272
14492276
14492286
14492306
14492308
14492339
14492344
14492355
14492372
14492374
14492378
14492396
14492447
14492457
14492474
14492481
14492485
14492498
14492509
14492617
14492645
14492656
14492665
14492700
14492777
14492781
14492858
14492885
14492911
14492922
14492933
14492943
14492950
14492959
14492963
14492967
14492972
14493026
14493046
14493099
14493106
14493108
14493115
14493119
14493131
14493132
14493134
14493146
14493171
14493190
14493269
14493281
14493285
14493360
14493373
14493391
14493408
14493424
14493439
14493443
14493445
14493533
14493550
14493616
14493637
14493695
14493709
14493754
14493811
14493831
14493833
14493840
14493855
14493881
14493917
14493953
14493957
14493962
14493964
14493965
14493987
14494028
14494033
14494064
14494088
14494100
14494125
14494135
14494169
14494183
14494200
14494206
14494218
14494222
14494228
14494254
14494255
14494267
14494322
14494323
14494367
14494373
14494379
14494380
14494381
14494383
14494384
14494392
14494395
14494400
14494408
14494410
14494411
14494427
14494429
14494431
14494442
14494444
14494462
14494464
14494466
14494472
14494477
14494479
14494490
14494493
14494495
14494502
14494506
14494507
14494510
14494513
14494516
14494518
14494519
14494526
14494537
14494553
14494558
14494563
14494596
14494602
14494606
14494643
14494648
14494655
14494656
14494657
14494659
14494718
14494751
14494752
14494757
14494760
14494781
14494803
14494887
14494894
14494903
14494950
14494956
14494963
14494964
14494989
14494991
14494999
14495018
14495021
14495032
14495046
14495072
14495073
14495086
14495092
14495094
14495120
14495127
14495145
14495183
14495184
14495190
14495196
14495208
14495212
14495219
14495224
14495229
14495233
14495246
14495254
14495255
14495257
14495270
14495274
14495280
14495297
14495309
14495321
14495328
14495337
14495357
14495376
14495379
14495381
14495419
14495450
14495468
14495480
14495497
14495513
14495549
14495580
14495605
14495704
14495781
14495819
14495869
14495895
14495896
14495912
14495921
14495936
14495943
14495947
14495958
14495969
14495987
14495993
14495999
14496006
14496023
14496042
14496082
14496095
14496116
14496118
14496131
14496153
14496159
14496172
14496181
14496191
14496194
14496209
14496234
14496237
14496328
14496330
14496350
14496378
14496423
14496437
14496461
14496487
14496496
14496497
14496506
14496523
14496569
14496576
14496580
14496586
14496602
14496604
14496610
14496668
14496732
14496750
14496756
14496759
14496780
14496809
14496814
14496847
14496867
14496870
14496876
14496889
14496899
14496909
14496933
14496962
14496965
14496968
14496969
14496973
14496975
14496977
14496981
14496985
14497013
14497014
14497021
14497032
14497040
14497046
14497060
14497062
14497082
14497116
14497121
14497123
14497124
14497130
14497140
14497146
14497150
14497156
14497167
14497173
14497217
14497234
14497235
14497248
14497250
14497259
14497270
14497285
14497303
14497314
14497320
14497351
14497416
14497437
14497439
14497443
14497459
14497469
14497491
14497548
14497557
14497561
14497569
14497594
14497649
14497654
14497657
14497680
14497691
14497701
14497722
14497723
14497751
14497755
14497756
14497770
14497815
14497823
14497826
14497829
14497831
14497875
14497904
14497906
14497918
14497935
14497955
14497962
14497979
14498010
14498015
14498018
14498046
14498049
14498053
14498054
14498067
14498071
14498076
14498098
14498099
14498124
14498135
14498238
14498267
14498277
14498281
14498287
14498291
14498315
14498320
14498362
14498374
14498379
14498390
14498393
14498397
14498402
14498413
14498545
14498551
14498558
14498559
14498593
14498615
14498616
14498631
14498640
14498641
14498791
14498848
14498877
14498925
14499042
14499044
14499056
14499100
14499101
14499123
14499124
14499154
14499157
14499159
14499170
14499184
14499215
14499216
14499217
14499228
14499236
14499237
14499238
14499239
14499240
14499246
14499252
14499276
14499314
14499323
14499328
14499350
14499394
14499565
14499570
14499587
14499614
14499620
14499628
14499630
14499641
14499655
14499661
14499703
14499723
14499791
14499819
14499823
14499828
14499831
14499832
14499855
14499857
14499874
14499896
14499898
14499908
14499909
14499919
