14494716
14494721
14494728
14494732
14494746
14494747
14494751
14494754
14494756
14494771
14494775
14494807
14494837
14494841
14494845
14494927
14494928
14494932
14494934
14494953
14494954
14494962
14494963
14494973
14494982
14494998
14494999
14495004
14495007
14495015
14495016
14495021
14495026
14495030
14495032
14495035
14495036
14495050
14495051
14495054
14495056
14495058
14495060
14495061
14495069
14495070
14495072
14495075
14495076
14495079
14495080
14495090
14495100
14495115
14495117
14495126
14495129
14495132
14495140
14495141
14495144
14495145
14495150
14495154
14495156
14495158
14495165
14495167
14495173
14495179
14495182
14495183
14495184
14495187
14495188
14495193
14495207
14495208
14495215
14495216
14495217
14495220
14495222
14495224
14495232
14495233
14495254
14495255
14495256
14495261
14495269
14495270
14495279
14495281
14495282
14495286
14495287
14495291
14495293
14495297
14495300
14495301
14495307
14495308
14495312
14495314
14495317
14495319
14495322
14495326
14495336
14495347
14495348
14495352
14495354
14495356
14495357
14495363
14495369
14495370
14495372
14495374
14495378
14495383
14495384
14495388
14495391
14495392
14495393
14495397
14495398
14495401
14495406
14495409
14495413
14495418
14495426
14495429
14495434
14495455
14495457
14495474
14495480
14495489
14495499
14495503
14495505
14495506
14495512
14495513
14495515
14495517
14495523
14495524
14495547
14495552
14495557
14495570
14495572
14495575
14495579
14495581
14495582
14495588
14495596
14495603
14495606
14495611
14495625
14495659
14495671
14495676
14495684
14495687
14495691
14495692
14495694
14495700
14495715
14495716
14495722
14495728
14495730
14495735
14495741
14495749
14495752
14495757
14495758
14495765
14495767
14495769
14495771
14495779
14495783
14495789
14495793
14495819
14495846
14495859
14495860
14495862
14495864
14495867
14495868
14495869
14495872
14495873
14495878
14495880
14495893
14495894
14495904
14495918
14495935
14495946
14495956
14495957
14495999
14496001
14496003
14496004
14496006
14496007
14496014
14496017
14496023
14496027
14496028
14496030
14496034
14496036
14496039
14496044
14496046
14496047
14496051
14496053
14496061
14496070
14496074
14496080
14496085
14496087
14496088
14496094
14496098
14496105
14496109
14496115
14496116
14496121
14496130
14496131
14496134
14496137
14496140
14496143
14496146
14496150
14496166
14496181
14496182
14496183
14496185
14496204
14496228
14496229
14496230
14496234
14496235
14496236
14496237
14496241
14496245
14496246
14496247
14496249
14496255
14496258
14496266
14496268
14496271
14496274
14496278
14496283
14496286
14496288
14496289
14496290
14496292
14496296
14496318
14496324
14496337
14496344
14496357
14496361
14496370
14496376
14496383
14496386
14496389
14496390
14496403
14496405
14496406
14496423
14496425
14496428
14496429
14496430
14496431
14496439
14496440
14496441
14496454
14496461
14496475
14496477
14496483
14496488
14496489
14496490
14496502
14496513
14496518
14496522
14496526
14496527
14496535
14496539
14496542
14496549
14496553
14496554
14496572
14496579
14496584
14496592
14496594
14496595
14496597
14496599
14496603
14496604
14496610
14496614
14496616
14496630
14496642
14496643
14496655
14496656
14496665
14496669
14496671
14496673
14496674
14496676
14496686
14496690
14496695
14496698
14496703
14496704
14496709
14496713
14496736
14496740
14496741
14496749
14496751
14496754
14496760
14496761
14496763
14496771
14496772
14496777
14496785
14496786
14496787
14496796
14496802
14496804
14496808
14496815
14496820
14496823
14496829
14496830
14496832
14496851
14496855
14496856
14496860
14496863
14496882
14496884
14496894
14496931
14496936
14496937
14496938
14496962
14496963
14496980
14496990
14496992
14497006
14497011
14497020
14497023
14497024
14497051
14497052
14497063
14497080
14497083
14497084
14497098
14497103
14497109
14497121
14497134
14497137
14497143
14497144
14497145
14497146
14497153
14497154
14497156
14497157
14497158
14497163
14497167
14497168
14497169
14497171
14497172
14497178
14497182
14497184
14497198
14497199
14497206
14497207
14497210
14497214
14497215
14497218
14497220
14497221
14497239
14497240
14497242
14497250
14497252
14497253
14497255
14497258
14497260
14497261
14497269
14497273
14497279
14497284
14497302
14497304
14497313
14497314
14497323
14497326
14497331
14497332
14497337
14497338
14497343
14497348
14497350
14497355
14497363
14497365
14497367
14497370
14497371
14497372
14497373
14497375
14497378
14497381
14497388
14497389
14497390
14497391
14497397
14497399
14497400
14497401
14497418
14497427
14497454
14497458
14497463
14497469
14497492
14497501
14497506
14497515
14497516
14497518
14497520
14497524
14497527
14497538
14497541
14497545
14497548
14497549
14497550
14497557
14497559
14497564
14497575
14497580
14497581
14497582
14497596
14497601
14497606
14497611
14497616
14497618
14497623
14497624
14497627
14497628
14497632
14497639
14497640
14497646
14497649
14497652
14497653
14497654
14497656
14497661
14497664
14497667
14497673
14497678
14497680
14497681
14497684
14497689
14497692
14497695
14497697
14497700
14497702
14497703
14497707
14497721
14497730
14497743
14497754
14497756
14497758
14497763
14497765
14497768
14497773
14497777
14497778
14497781
14497793
14497794
14497795
14497797
14497800
14497801
14497802
14497803
14497806
14497807
14497814
14497815
14497825
14497828
14497830
14497838
14497859
14497900
14497929
14497932
14497936
14497938
14497945
14497947
14497960
14497973
14497992
14498005
14498010
14498013
14498014
14498016
14498018
14498038
14498041
14498057
14498063
14498067
14498075
14498076
14498082
14498085
14498088
14498098
14498099
14498107
14498108
14498113
14498114
14498119
14498123
14498126
14498127
14498129
14498130
14498134
14498135
14498136
14498137
14498140
14498141
14498143
14498147
14498148
14498155
14498156
14498160
14498161
14498168
14498172
14498182
14498199
14498201
14498204
14498213
14498215
14498216
14498217
14498218
14498220
14498225
14498226
14498229
14498230
14498232
14498235
14498236
14498239
14498240
14498242
14498244
14498245
14498247
14498250
14498256
14498258
14498259
14498270
14498284
14498287
14498289
14498290
14498292
14498294
14498296
14498299
14498303
14498305
14498306
14498309
14498313
14498320
14498336
14498337
14498343
14498346
14498347
14498348
14498353
14498373
14498376
14498379
14498385
14498390
14498393
14498396
14498397
14498404
14498406
14498408
14498409
14498412
14498415
14498426
14498446
14498450
14498453
14498465
14498468
14498469
14498477
14498494
14498495
14498498
14498507
14498509
14498514
14498515
14498518
14498519
14498521
14498523
14498530
14498532
14498536
14498542
14498543
14498547
14498551
14498555
14498556
14498558
14498559
14498573
14498574
14498575
14498578
14498583
14498585
14498586
14498590
14498591
14498599
14498602
14498605
14498606
14498609
14498610
14498612
14498615
14498625
14498626
14498628
14498640
14498642
14498647
14498648
14498651
14498662
14498673
14498676
14498693
14498694
14498695
14498696
14498697
14498698
14498699
14498700
14498708
14498713
14498715
14498717
14498725
14498726
14498727
14498729
14498735
14498736
14498737
14498738
14498740
14498749
14498754
14498755
14498759
14498763
14498765
14498766
14498768
14498774
14498778
14498781
14498784
14498785
14498786
14498787
14498791
14498803
14498805
14498806
14498809
14498816
14498825
14498833
14498839
14498843
14498845
14498847
14498850
14498856
14498858
14498859
14498860
14498861
14498874
14498876
14498883
14498895
14498916
14498933
14498935
14498939
14498941
14498943
14498946
14498947
14498949
14498951
14498961
14498964
14498976
14498978
14498985
14498990
14498995
14499007
14499012
14499014
14499030
14499037
14499041
14499044
14499048
14499049
14499069
14499078
14499092
14499124
14499126
14499129
14499133
14499145
14499147
14499151
14499159
14499166
14499173
14499201
14499202
14499207
14499209
14499216
14499217
14499220
14499231
14499257
14499261
14499265
14499283
14499299
14499301
14499308
14499326
14499327
14499334
14499342
14499352
14499373
14499382
14499396
14499402
14499409
14499413
14499415
14499421
14499426
14499429
14499437
14499439
14499442
14499443
14499450
14499455
14499473
14499479
14499480
14499483
14499485
14499495
14499497
14499510
14499519
14499523
14499524
14499526
14499529
14499539
14499541
14499543
14499544
14499547
14499548
14499551
14499552
14499553
14499557
14499558
14499561
14499562
14499563
14499564
14499565
14499570
14499578
14499579
14499581
14499587
14499592
14499597
14499607
14499612
14499614
14499615
14499620
14499622
14499629
14499634
14499638
14499657
14499663
14499678
14499700
14499703
14499727
14499737
14499738
14499741
14499742
14499743
14499744
14499745
14499749
14499751
14499753
14499778
14499780
14499790
14499794
14499800
14499811
14499814
14499817
14499823
14499831
14499832
14499834
14499838
14499841
14499847
14499849
14499856
14499878
14499888
14499894
14499895
14499903
14499904
14499906
14499909
14499913
14499923
14499924
14499932
14499936
14499938
14499941
14499981
14499984
14499986
14499989
14499996
14499998
