14477679
14481040
14481042
14482373
14482567
14482650
14483099
14483414
14483886
14484041
14484065
14484249
14484561
14484680
14484771
14484785
14484855
14488067
14488521
14488655
14488964
14488966
14489136
14489168
14489179
14489439
14489461
14489481
14489485
14489603
14489778
14489803
14489856
14490056
14490441
14490622
14490767
14490820
14490910
14491265
14491519
14491848
14491896
14492050
14492213
14492233
14492334
14492662
14492677
14492943
14493153
14493158
14493278
14493870
14493893
14494356
14494701
14494737
14495211
14495301
14495319
14495329
14495332
14495489
14495524
14495590
14495951
14495955
14496184
14496327
14496904
14496941
14497233
14497637
14497643
14497663
14497756
14497775
14497793
14498393
14499428
14499591
14499737
14499821
14499824
