14410540
14411364
14411868
14412176
14412594
14413234
14414654
14414981
14415003
14415273
14415424
14415592
14416691
14416704
14416905
14416968
14417244
14417449
14417504
14417922
14417962
14418182
14418211
14418346
14418588
14418652
14418702
14418709
14418863
14419025
14421411
14421461
14421828
14421940
14422003
14422008
14422410
14422552
14422556
14423018
14423131
14424040
14424235
14424499
14424619
14425153
14425524
14426497
14427606
14429258
14429797
14430572
14432296
14434129
14434761
14434962
14435402
14436104
14436703
14437525
14439190
14439775
14441171
14441353
14441525
14441765
14441992
14442936
14443251
14443271
14443677
14444521
14444576
14444819
14445249
14445393
14446761
14447711
14448254
14448268
14448808
14449745
14450754
14451760
14451761
14452599
14454351
14454637
14455404
14455405
14455976
14456320
14458067
14458513
14460007
14460168
14460387
14461065
14461247
14461269
14461834
14462141
14462198
14462203
14462241
14462247
14462560
14462598
14462606
14462698
14463057
14463241
14463259
14463606
14463729
14463756
14463779
14463790
14463816
14463820
14463852
14463891
14463892
14463912
14464153
14464195
14464200
14464258
14464281
14464367
14464385
14464522
14464553
14464555
14464569
14464659
14464746
14464811
14465205
14465234
14465273
14465297
14466565
14466578
14466674
14466677
14466858
14466908
14467026
14467666
14467692
14467738
14467790
14467832
14467833
14468243
14468423
14468577
14468622
14468742
14469127
14469584
14469589
14469881
14470186
14471399
14471552
14472344
14472524
14472550
14472697
14473644
14473706
14473719
14473737
14473758
14473763
14473776
14473833
14473863
14473873
14473935
14473958
14474182
14474236
14474302
14474387
14474409
14474415
14474424
14474454
14474457
14474473
14474503
14474589
14474621
14474651
14474655
14474657
14474678
14479144
14479221
14479250
14479680
14479791
14479886
14479889
14479899
14480104
14480135
14480136
14480180
14480186
14480189
14480350
14480494
14480657
14480772
14480807
14480861
14480924
14481090
14481102
14481636
14482082
14482174
14483262
14483381
14484270
14485991
14486114
14486116
14486129
14486168
14486171
14486173
14486217
14486238
14486247
14486262
14486275
14486281
14486321
14486337
14486362
14486363
14486373
14486379
14486396
14486400
14486409
14486414
14486424
14486432
14486437
14486480
14486490
14486493
14486496
14486540
14486580
14486637
14486641
14486812
14486830
14486848
14486860
14486903
14487004
14487104
14487109
14487122
14487181
14487226
14487335
14487368
14487426
14487545
14487581
14487585
14487606
14487798
14487868
14487874
14487916
14487926
14487971
14488004
14488025
14488028
14488098
14488199
14488318
14489963
14490054
14490583
14490760
14492641
14492793
14492872
14492888
14493066
14493150
14493229
14493373
14493382
14493428
14493470
14493525
14493603
14493607
14494179
14494483
14494484
14495298
14495404
14495560
14495570
14495741
14495793
14499117
14499253
14499327
14499342
14499700
14499771
14499775
