13974745
13974757
13975524
13975551
13975806
13975858
13975867
13975878
13975891
13975898
13975973
13975993
13976011
13976017
13976282
13976297
13976785
13977426
13978786
13978799
13978803
13978845
13980029
13980172
13980262
13980268
13980335
13980384
13980560
13980798
13980805
13981547
13981711
13982086
13982251
13982261
13982356
13982866
13982904
13983219
13983258
13983272
13983384
13983532
13983602
13983642
13984181
13984835
13985021
13985408
13986691
13986698
13987051
13987092
13987132
13989774
13989812
13989820
13989825
13989836
13989853
13989883
13989916
13993979
13994552
13994601
13994691
13994693
13994697
13994705
13994710
13994717
13994718
13995879
13995989
13996656
13996994
13996999
13997003
13997060
13997193
13998516
13998522
14001001
14001018
14001023
14001035
14001043
14001149
14001183
14001198
14001204
14001283
14001288
14001290
14001362
14001374
14001378
14001416
14001445
14001498
14001599
14001605
14001700
14001758
14002395
14002434
14002550
14002564
14002820
14003387
14004073
14004329
14004332
14004742
14005534
14007430
14008823
14008855
14009085
14009100
14009714
14009719
14009762
14009775
14010532
14010555
14010569
14010589
14010600
14010614
14010620
14010625
14010712
14010957
14011124
14011159
14011163
14011165
14011179
14015096
14015102
14015492
14015532
14015940
14015958
14016345
14016351
14016354
14016643
14016724
14016728
14016729
14016979
14019769
14020821
14020828
14020833
14020889
14020937
14021094
14021193
14021404
14021413
14021422
14021424
14021437
14021660
14021711
14021715
14022207
14022699
14022800
14023018
14023134
14023227
14023549
14023601
14023603
14023654
14023671
14023719
14024281
14024504
14024525
14024553
14027031
14027083
14027103
14027106
14027139
14027445
14028114
14028296
14028370
14028581
14028594
14028633
14028975
14029000
14029069
14029398
14029524
14029597
14029696
14029734
14029769
14029781
14029788
14029820
14029832
14029966
14029970
14029978
14030054
14030182
14033549
14033725
14034414
14034451
14034454
14034564
14034975
14035033
14035040
14035300
14035628
14035779
14035789
14035794
14036259
14036296
14036347
14036900
14036939
14038710
14038712
14038751
14039490
14039526
14039803
14039811
14040122
14042333
14042753
14042761
14042816
14043127
14043130
14043159
14045176
14045193
14046012
14046134
14046145
14046216
14046269
14046381
14046456
14046479
14046694
14046702
14046722
14046779
14047137
14047755
14047761
14047767
14047781
14047809
14047968
14047985
14049020
14049103
14049126
14049741
14049758
14049800
14051631
14051635
14051797
14052270
14052310
14052583
14052588
14052623
14052735
14052890
14052919
14052931
14052983
14052993
14053019
14053081
14053240
14053345
14053386
14053390
14053455
14053494
14053553
14053819
14053835
14053853
14053933
14053969
14054029
14054227
14054388
14054397
14054422
14054477
14054511
14054522
14054526
14054550
14054576
14054641
14054742
14054750
14055011
14055130
14055463
14055563
14055598
14055704
14055712
14055720
14055729
14055760
14055771
14056015
14056275
14056693
14056748
14057324
14057619
14058708
14058713
14058726
14058993
14059300
14060117
14060403
14060430
14060781
14060787
14060964
14060965
14061739
14062680
14062705
14063248
14063535
14063543
14066470
14067023
14067034
14067051
14067056
14067193
14067502
14067535
14067632
14067638
14067645
14067652
14067755
14067758
14067784
14067869
14068323
14068394
14068613
14068744
14068746
14068769
14068819
14068842
14068845
14068860
14068861
14068872
14068917
14068920
14068929
14068978
14068988
14069064
14069070
14069176
14069192
14069196
14070100
14070290
14070324
14070584
14070612
14070646
14070650
14070658
14070734
14071168
14072044
14072877
14073217
14073306
14073317
14073342
14073391
14073511
14073515
14073670
14073742
14073766
14073790
14073955
14074122
14074233
14075306
14077935
14077976
14078502
14078508
14078517
14078528
14078547
14078592
14078604
14078605
14078608
14078634
14078661
14078671
14078696
14078704
14079660
14079730
14079737
14079769
14079782
14080479
14081258
14081281
14081982
14082668
14082670
14083883
14084798
14084929
14085976
14086153
14086693
14088296
14088365
14092113
14092120
14093200
14095989
14100755
14100758
14102722
14103462
14104114
14105639
14106332
14106336
14106382
14106868
14106898
14107552
14110191
14110206
14110316
14112133
14113329
14114911
14116038
14117542
14118136
14118146
14118309
14120365
14120443
14130936
14130953
14130963
14131815
14135043
14135194
14135203
14136560
14136683
14138546
14138582
14138768
14138878
14139021
14139062
14139065
14139070
14142104
14144682
14144693
14144700
14145465
14145493
14147785
14147862
14149032
14150047
14150050
14150512
14150955
14150970
14151169
14151178
14152257
14152480
14152529
14153261
14155265
14155367
14164002
14164583
14164619
14164736
14165278
14169188
14169587
14169632
14170508
14171647
14171741
14171873
14172218
14176189
14177573
14178360
14178591
14178724
14182255
14183383
14183443
14183707
14185037
14185195
14186862
14186895
14189747
14190119
14190795
14190797
14190799
14191655
14191668
14193301
14194402
14194419
14194539
14196869
14197547
14198193
14198226
14198866
14201658
14201662
14201772
14202953
14203057
14203063
14203158
14203166
14203210
14203324
14203921
14204026
14205179
14205182
14205308
14206414
14206474
14206483
14206490
14209632
14209689
14209695
14209853
14210185
14210399
14216830
14216845
14216852
14217189
14217349
14217580
14217601
14217665
14217667
14217671
14217696
14217705
14217712
14220521
14220531
14220666
14220970
14221308
14222190
14222357
14222401
14222407
14223010
14226846
14229097
14229121
14229329
14229404
14233360
14233393
14242461
14247118
14247153
14247210
14247212
14252028
14252868
14253232
14253319
14255925
14255929
14257420
14258565
14260247
14261323
14261378
14261417
14262188
14262499
14262704
14266495
14266507
14266883
14267305
14267813
14268690
14268752
14269417
14269422
14269514
14269676
14269683
14269706
14269717
14269740
14269746
14270280
14270301
14272649
14273277
14273359
14274913
14274938
14275074
14275251
14275254
14279380
14280507
14281561
14285254
14288404
14288481
14289919
14289939
14293089
14293820
14294681
14294718
14294721
14294839
14299799
14300580
14304215
14304219
14304692
14304697
14304704
14304877
14305415
14305895
14305903
14306013
14306043
14306156
14306206
14306386
14306396
14306409
14306411
14306431
14309769
14314381
14314682
14314700
14314913
14315317
14315328
14317374
14317626
14317715
14318221
14318227
14318247
14318430
14318434
14318444
14318578
14319626
14320057
14321472
14326227
14327578
14327765
14330428
14331626
14332678
14332682
14332685
14332745
14332765
14332812
14333214
14333332
14333382
14333393
14334224
14337709
14337740
14337743
14337782
14337904
14338417
14338736
14338743
14339529
14339795
14339807
14339902
14339929
14340945
14343234
14343250
14343258
14343263
14343271
14343282
14343291
14343297
14343313
14343322
14343329
14344761
14345544
14345716
14345719
14345723
14345732
14346506
14347836
14350413
14357976
14357981
14358105
14358128
14359488
14359493
14359499
14363298
14363361
14363370
14364365
14364392
14364397
14364774
14364779
14365061
14365080
14365307
14365314
14365337
14365361
14365371
14365661
14365734
14366148
14366153
14370536
14370937
14371000
14371091
14371196
14371450
14372051
14372064
14372068
14372070
14372099
14372179
14372326
14372509
14372519
14372522
14372530
14372535
14372679
14374617
14375034
14375039
14375068
14376531
14376568
14377007
14377022
14377104
14377107
14377118
14377233
14377323
14377334
14377343
14378047
14381286
14381523
14381666
14382349
14382811
14383314
14383475
14384828
14384886
14385264
14388427
14388876
14388893
14388938
14389105
14389274
14389278
14389280
14389344
14389360
14389700
14389725
14389748
14389756
14389776
14389828
14393499
14395596
14395602
14398783
14399874
14400044
14400047
14401387
14401432
14401513
14402444
14402736
14402951
14403557
14403608
14406052
14406472
14416298
14416944
14420009
14420567
14421920
14421925
14421935
14422087
14422450
14422918
14422942
14423231
14423232
14424219
14424242
14428366
14428370
14428516
14428518
14428600
14429979
14429985
14429989
14429992
14430001
14430186
14433287
14433292
14433295
14433561
14434862
14434866
14434876
14435274
14435297
14436191
14436568
14436574
14436581
14441380
14441592
14441614
14441624
14443013
14443017
14446207
14446472
14446500
14446516
14446554
14446562
14446865
14446920
14447660
14447709
14447712
14449453
14449488
14449548
14449561
14449569
14449577
14449584
14449599
14449875
14449904
14450229
14450830
14451050
14451361
14451373
14451867
14454410
14458630
14458639
14459614
14459810
14461273
14461340
14463527
14463585
14466919
14467837
14467858
14467872
14467973
14467974
14467983
14468210
14468213
14468217
14468243
14468349
14469251
14471901
14472486
14472543
14472725
14472920
14473008
14473031
14473039
14473123
14477381
14477439
14477444
14477685
14477707
14478224
14480816
14480835
14480848
14483066
14483071
14484353
14485041
14485047
14485050
14485594
14485813
14491737
14492572
14493648
14493649
14498576
14499210
