12476074
12476082
12476101
12476145
12476162
12476187
12476193
12476197
12476208
12650837
12650897
12650969
12650979
12689841
12689878
12689883
12690020
12690039
12690063
12690071
12690090
12690099
12695811
12741962
12741994
12742002
12748027
12809908
12809910
12844510
12844536
12888757
12905920
12908973
12911735
12911861
12911886
12911888
12911922
12911993
12912666
12912675
12912679
12912685
12912696
12912708
12912837
12913267
12914086
12914193
12914260
12914588
12914590
12914591
12914594
12914604
12914608
12914612
12914617
12914635
12914642
12914643
12914644
12914651
12914659
12914672
12914682
12914692
12914693
12914695
12914698
12914704
12914720
12914724
12914748
12914751
12914752
12914756
12914761
12914762
12914796
12914804
12914816
12914819
12914833
12914848
12914849
12914850
12914867
12914874
12914879
12914886
12914889
12914890
12914891
12914894
12914913
12914916
12914922
12914938
12914995
12915004
12915005
12915020
12915021
12915029
12915034
12915042
12915054
12915090
12915166
12915828
12918151
12919312
12924439
12924662
12924883
12927195
12932645
12934256
12934257
12934414
12934455
12937028
12938993
12943729
12963467
12965907
12966011
12968156
12970564
12970575
12970598
12970618
12982240
12989270
12994956
12996341
13016656
13020677
13022651
13022753
13022758
13022759
13022762
13023584
13035204
13035220
13035227
13037110
13037113
13042019
13042152
13044273
13047134
13048100
13048314
13048321
13048390
13049093
13049100
13049113
13049123
13049127
13049134
13049151
13049154
13049157
13049158
13049198
13049202
13049206
13049212
13049225
13049238
13049240
13049243
13049245
13049260
13049262
13049269
13049378
13049400
13049403
13049405
13049454
13049512
13049519
13049530
13049547
13049562
13049568
13049589
13050544
13052996
13054653
13054658
13054664
13059303
13060070
13060586
13061496
13068959
13069002
13071903
13072767
13073766
13074373
13078770
13082055
13086229
13086849
13086868
13086965
13087132
13100636
13100748
13100952
13119137
13120304
13144964
13145505
13160439
13163342
13163671
13164297
13164366
13165648
13165961
13191556
13198046
13198063
13198907
13199221
13199249
13199276
13199323
13199710
13199778
13200788
13201220
13201985
13203943
13208856
13208867
13208875
13208904
13208979
13213174
13216030
13217143
13217522
13220562
13222473
13222493
13222507
13222536
13222539
13222543
13222558
13223562
13223604
13223782
13224240
13229345
13234777
13235861
13238314
13238338
13239666
13241333
13251242
13251276
13251351
13251475
13251552
13251576
13252597
13255238
13257176
13260690
13260911
13267423
13281607
13281611
13281699
13300624
13300668
13300672
13308157
13320401
13320428
13350980
13361047
13361235
13362341
13365022
13381539
13384522
13386636
13387673
13389366
13389918
13390701
13423909
13431923
13435401
13438239
13453782
13473615
13571137
13578224
13585168
13587701
13594171
13657548
13732528
13756373
13756941
13809591
13822551
13861291
13911582
13937501
13939067
13946057
13946377
13957038
13957055
13957065
13959724
13964432
13976722
13988760
13990028
13996236
13996824
14002099
14005218
14009777
14009781
14015914
14015933
14017496
14024312
14024336
14030556
14030569
14043602
14043620
14062835
14062864
14071642
14082442
14088863
14092489
14095045
14101661
14101765
14104700
14164225
14351314
14352102
14389539
14428586
14428600
14429941
14429989
14430004
14430016
14434737
14434753
14434765
14447465
14449105
14449106
14449107
14449108
14449109
14449111
14449112
14449115
14449118
14449119
14449122
14449123
14449125
14449126
14449151
14449155
14449156
14449163
14449202
14449222
14449242
14449248
14449251
14449329
14449454
14451743
14451800
14452796
14453807
14453916
14453927
14453946
14453998
14454092
14454273
14454285
14454300
14454319
14454331
14454339
14454346
14454355
14454362
14454369
14454376
14454380
14454391
14454397
14454414
14454421
14458619
14461029
14461119
14462607
14467272
14474586
14480454
14485857
