14498562
14498564
14498566
14498567
14498568
14498570
14498571
14498572
14498573
14498574
14498576
14498577
14498580
14498583
14498585
14498586
14498587
14498588
14498591
14498598
14498599
14498600
14498602
14498607
14498608
14498609
14498611
14498612
14498613
14498615
14498620
14498622
14498626
14498628
14498629
14498630
14498631
14498636
14498637
14498639
14498640
14498641
14498642
14498644
14498645
14498647
14498648
14498649
14498650
14498651
14498656
14498658
14498659
14498661
14498662
14498665
14498666
14498667
14498670
14498671
14498672
14498673
14498674
14498675
14498678
14498679
14498680
14498681
14498682
14498683
14498684
14498685
14498686
14498687
14498688
14498689
14498690
14498691
14498692
14498693
14498694
14498695
14498696
14498698
14498699
14498700
14498701
14498703
14498704
14498705
14498707
14498708
14498709
14498710
14498711
14498712
14498713
14498714
14498715
14498716
14498717
14498718
14498719
14498720
14498722
14498723
14498724
14498725
14498726
14498727
14498728
14498729
14498730
14498731
14498732
14498734
14498735
14498736
14498737
14498738
14498740
14498741
14498742
14498743
14498744
14498748
14498749
14498750
14498752
14498754
14498755
14498757
14498758
14498759
14498760
14498761
14498763
14498764
14498765
14498766
14498767
14498770
14498771
14498772
14498773
14498774
14498775
14498776
14498777
14498778
14498780
14498781
14498782
14498785
14498786
14498787
14498788
14498789
14498790
14498792
14498793
14498794
14498795
14498796
14498797
14498798
14498801
14498802
14498803
14498804
14498805
14498806
14498807
14498809
14498810
14498811
14498812
14498814
14498815
14498816
14498817
14498818
14498819
14498820
14498821
14498822
14498823
14498824
14498825
14498826
14498828
14498829
14498833
14498834
14498835
14498837
14498838
14498839
14498840
14498841
14498842
14498843
14498844
14498845
14498846
14498847
14498848
14498849
14498850
14498851
14498852
14498853
14498854
14498856
14498857
14498858
14498859
14498860
14498861
14498862
14498863
14498865
14498867
14498868
14498869
14498870
14498871
14498873
14498874
14498875
14498876
14498877
14498878
14498879
14498880
14498881
14498882
14498883
14498884
14498885
14498886
14498887
14498889
14498892
14498893
14498896
14498897
14498899
14498900
14498901
14498902
14498903
14498905
14498907
14498908
14498912
14498914
14498916
14498917
14498918
14498919
14498922
14498924
14498925
14498927
14498928
14498929
14498930
14498931
14498932
14498933
14498935
14498937
14498939
14498941
14498942
14498945
14498947
14498949
14498950
14498951
14498952
14498955
14498956
14498958
14498960
14498961
14498962
14498963
14498964
14498967
14498968
14498969
14498971
14498974
14498975
14498976
14498977
14498978
14498979
14498981
14498984
14498985
14498986
14498987
14498988
14498990
14498991
14498993
14498994
14498995
14498997
14498998
14498999
14499000
14499001
14499004
14499006
14499008
14499009
14499010
14499011
14499012
14499013
14499014
14499015
14499017
14499018
14499019
14499020
14499022
14499024
14499026
14499028
14499029
14499030
14499031
14499032
14499034
14499035
14499036
14499037
14499038
14499039
14499040
14499041
14499042
14499043
14499045
14499046
14499048
14499049
14499050
14499051
14499052
14499053
14499054
14499056
14499057
14499058
14499060
14499061
14499062
14499063
14499064
14499065
14499068
14499069
14499070
14499071
14499072
14499073
14499074
14499075
14499076
14499077
14499079
14499081
14499082
14499084
14499085
14499086
14499087
14499089
14499090
14499091
14499092
14499093
14499095
14499096
14499097
14499098
14499100
14499101
14499102
14499103
14499104
14499106
14499108
14499109
14499110
14499111
14499112
14499113
14499114
14499115
14499116
14499117
14499118
14499120
14499121
14499122
14499123
14499124
14499125
14499126
14499128
14499129
14499131
14499132
14499133
14499134
14499136
14499137
14499138
14499139
14499142
14499143
14499144
14499145
14499146
14499147
14499148
14499149
14499151
14499152
14499155
14499157
14499158
14499159
14499162
14499163
14499164
14499166
14499167
14499168
14499169
14499170
14499171
14499172
14499173
14499174
14499175
14499176
14499178
14499179
14499180
14499181
14499182
14499183
14499184
14499185
14499186
14499187
14499188
14499189
14499190
14499191
14499192
14499193
14499194
14499195
14499196
14499198
14499199
14499200
14499201
14499203
14499205
14499207
14499208
14499209
14499210
14499212
14499213
14499215
14499216
14499217
14499218
14499219
14499220
14499221
14499223
14499224
14499227
14499228
14499229
14499230
14499231
14499233
14499236
14499237
14499238
14499242
14499243
14499245
14499246
14499248
14499249
14499250
14499253
14499254
14499255
14499257
14499259
14499260
14499261
14499262
14499263
14499264
14499265
14499268
14499269
14499270
14499271
14499272
14499274
14499275
14499276
14499278
14499279
14499280
14499281
14499282
14499283
14499284
14499285
14499286
14499289
14499291
14499293
14499294
14499295
14499296
14499299
14499300
14499301
14499302
14499303
14499305
14499307
14499308
14499309
14499311
14499312
14499313
14499314
14499316
14499317
14499318
14499319
14499320
14499321
14499322
14499324
14499326
14499327
14499330
14499331
14499332
14499333
14499334
14499336
14499337
14499338
14499342
14499343
14499345
14499347
14499348
14499349
14499350
14499351
14499352
14499354
14499355
14499356
14499357
14499359
14499361
14499362
14499363
14499364
14499366
14499369
14499370
14499372
14499373
14499378
14499379
14499382
14499383
14499384
14499385
14499386
14499387
14499389
14499390
14499391
14499392
14499393
14499396
14499397
14499398
14499400
14499402
14499403
14499404
14499405
14499407
14499409
14499410
14499411
14499413
14499415
14499416
14499417
14499418
14499419
14499420
14499422
14499424
14499425
14499426
14499428
14499429
14499431
14499434
14499435
14499436
14499439
14499440
14499441
14499442
14499443
14499444
14499448
14499449
14499450
14499451
14499453
14499454
14499455
14499457
14499458
14499459
14499460
14499461
14499462
14499464
14499465
14499467
14499469
14499470
14499472
14499477
14499478
14499479
14499480
14499482
14499483
14499485
14499487
14499491
14499492
14499495
14499497
14499498
14499499
14499500
14499501
14499502
14499506
14499507
14499509
14499510
14499511
14499512
14499513
14499515
14499516
14499517
14499520
14499523
14499524
14499525
14499526
14499527
14499530
14499531
14499532
14499533
14499535
14499536
14499537
14499539
14499543
14499544
14499547
14499548
14499550
14499551
14499552
14499553
14499554
14499555
14499557
14499559
14499560
14499561
14499562
14499564
14499565
14499566
14499567
14499571
14499572
14499573
14499574
14499575
14499578
14499579
14499580
14499581
14499582
14499585
14499586
14499587
14499589
14499591
14499592
14499596
14499597
14499598
14499600
14499601
14499602
14499603
14499604
14499605
14499606
14499607
14499609
14499612
14499613
14499614
14499615
14499617
14499620
14499621
14499622
14499623
14499624
14499626
14499627
14499628
14499629
14499630
14499632
14499634
14499636
14499637
14499638
14499639
14499640
14499641
14499643
14499644
14499645
14499649
14499650
14499653
14499654
14499655
14499660
14499663
14499664
14499666
14499667
14499669
14499671
14499673
14499674
14499677
14499678
14499679
14499680
14499681
14499682
14499683
14499686
14499687
14499688
14499691
14499694
14499695
14499698
14499700
14499703
14499704
14499705
14499707
14499708
14499709
14499712
14499713
14499716
14499717
14499718
14499719
14499721
14499723
14499724
14499725
14499726
14499727
14499728
14499730
14499731
14499733
14499735
14499737
14499738
14499739
14499741
14499742
14499743
14499744
14499745
14499749
14499750
14499751
14499752
14499753
14499755
14499756
14499758
14499759
14499760
14499761
14499764
14499766
14499767
14499768
14499769
14499770
14499774
14499775
14499777
14499778
14499780
14499782
14499783
14499784
14499786
14499788
14499790
14499791
14499792
14499794
14499795
14499797
14499801
14499802
14499804
14499805
14499806
14499807
14499809
14499810
14499812
14499813
14499814
14499816
14499817
14499818
14499819
14499821
14499822
14499823
14499826
14499827
14499828
14499831
14499833
14499834
14499836
14499838
14499840
14499842
14499843
14499844
14499845
14499847
14499848
14499849
14499851
14499853
14499854
14499856
14499857
14499861
14499863
14499864
14499866
14499867
14499868
14499869
14499870
14499871
14499872
14499874
14499877
14499878
14499880
14499882
14499883
14499888
14499889
14499892
14499895
14499897
14499899
14499901
14499903
14499904
14499905
14499906
14499909
14499910
14499911
14499912
14499913
14499915
14499916
14499917
14499918
14499920
14499921
14499924
14499925
14499927
14499930
14499931
14499934
14499935
14499936
14499937
14499938
14499940
14499941
14499942
14499944
14499946
14499947
14499951
14499952
14499953
14499955
14499956
14499957
14499958
14499959
14499960
14499961
14499962
14499963
14499968
14499970
14499971
14499973
14499977
14499978
14499980
14499981
14499982
14499984
14499985
14499986
14499987
14499989
14499991
14499992
14499993
14499994
14499995
14499996
14499997
14499998
14499999
