14290633
14291700
14291934
14291954
14292716
14292817
14293528
14293543
14293890
14294699
14294710
14294798
14294874
14294881
14294962
14295246
14295759
14295888
14296280
14296368
14296596
14297404
14297566
14297593
14297614
14297673
14297914
14297925
14298974
14300118
14300202
14300426
14300672
14301297
14301618
14301722
14301748
14302844
14303552
14303677
14303827
14303952
14304245
14304612
14305167
14305903
14305926
14306131
14306145
14306235
14306490
14306494
14306525
14306533
14306722
14306730
14306746
14306763
14306817
14307010
14307074
14307113
14307155
14307597
14307819
14308044
14309319
14309579
14309584
14309879
14309894
14310127
14310529
14311607
14312885
14312887
14312935
14313711
14313907
14314171
14314979
14314993
14315150
14315360
14315643
14315720
14316079
14316257
14316372
14316424
14316760
14316770
14316826
14316884
14316903
14316910
14316922
14316938
14316944
14317056
14317062
14317087
14317167
14317172
14317177
14317184
14317191
14317198
14317206
14317268
14318225
14318229
14318240
14318247
14318255
14318259
14318393
14318488
14319077
14319157
14319665
14319994
14320162
14320358
14321980
14322186
14322256
14322300
14323208
14323213
14323507
14323878
14323972
14324191
14324218
14324826
14325012
14326374
14326465
14326749
14326758
14326802
14327092
14327123
14327547
14327759
14328197
14328424
14328855
14328893
14329434
14329604
14329954
14330989
14331057
14331619
14331636
14331673
14332259
14332285
14332393
14332716
14332819
14333391
14333766
14334163
14334178
14334259
14334298
14335021
14335457
14336450
14336782
14337244
14337306
14337473
14337575
14337755
14338336
14338397
14338985
14339355
14339456
14339543
14339615
14339782
14339829
14339838
14339876
14340710
14340720
14340933
14341020
14341162
14341301
14341371
14341386
14341528
14341687
14341826
14342483
14343592
14343617
14343636
14343651
14343801
14343843
14344840
14344871
14344906
14345137
14345217
14345218
14345221
14345222
14345223
14345224
14345225
14345227
14345458
14345791
14345969
14346569
14346751
14346962
14346974
14347162
14347186
14347277
14347334
14347555
14347648
14348455
14348627
14349075
14349412
14349465
14349483
14349508
14349579
14349588
14351080
14351253
14351328
14351936
14351979
14352464
14352489
14352645
14352647
14352693
14352830
14352856
14352863
14353018
14353127
14353566
14353587
14353591
14353780
14353796
14353820
14354004
14354010
14354033
14354181
14354536
14354543
14354544
14354807
14355002
14355010
14355023
14355037
14355262
14355369
14355540
14355954
14356519
14356588
14356603
14356679
14356804
14356882
14356959
14357062
14357127
14357212
14357240
14357260
14357561
14357639
14357705
14357716
14357792
14357800
14358089
14358105
14358161
14358581
14358699
14358828
14358862
14359426
14359513
14359575
14359771
14360182
14360531
14360539
14360605
14360661
14360696
14360791
14361303
14361722
14361778
14361811
14362905
14363113
14363149
14363177
14363631
14363634
14363713
14363923
14363976
14364120
14364368
14364487
14364594
14364827
14364829
14365177
14365533
14365555
14365596
14365625
14365626
14365668
14366064
14366072
14366078
14366349
14366390
14366398
14367818
14367891
14368267
14370123
14370135
14370149
14370157
14370162
14370180
14370479
14371039
14371468
14371570
14371633
14371938
14372306
14372373
14373550
14374176
14374348
14374701
14375348
14375647
14376208
14377604
14377809
14377811
14378201
14378568
14379227
14379462
14380306
14381161
14381396
14381859
14382788
14382806
14382871
14382896
14382905
14382913
14382998
14383739
14383743
14383810
14383933
14383988
14384016
14384305
14384310
14384410
14384538
14384639
14384729
14384788
14384804
14384813
14384814
14384820
14384828
14385029
14385163
14385226
14385608
14386074
14386201
14386260
14386349
14386415
14386451
14386459
14386471
14386494
14386596
14386621
14386655
14386704
14386833
14386876
14386894
14386930
14386949
14386995
14387026
14387079
14387090
14387106
14387305
14387416
14387616
14387935
14387960
14388431
14388683
14389544
14389658
14389864
14389868
14389872
14389873
14389875
14389877
14389906
14389923
14390280
14390320
14390338
14390380
14390405
14390709
14390726
14391055
14391341
14391705
14391738
14391934
14391937
14391995
14392051
14393347
14393678
14393937
14393951
14394016
14394022
14394042
14394898
14395003
14395007
14395386
14395823
14395846
14395955
14395968
14395993
14396026
14396295
14396859
14397037
14397052
14397334
14397865
14398527
14398843
14398970
14399005
14399097
14399311
14399360
14399364
14399374
14399745
14399911
14399926
14400016
14400019
14400881
14400936
14401520
14401658
14403406
14403442
14403696
14403786
14403887
14404436
14404821
14405218
14405328
14405482
14405617
14405750
14406325
14406511
14407433
14407512
14407598
14407827
14408078
14408094
14408203
14409568
14409851
14410262
14410584
14410607
14410687
14410847
14410966
14411378
14411636
14411717
14411922
14412211
14412215
14412249
14412290
14412368
14412515
14412706
14412942
14413060
14413263
14413974
14414004
14414048
14414054
14414552
14414633
14415167
14415558
14415578
14415790
14415816
14416324
14417087
14417410
14417777
14417896
14418084
14418235
14418256
14418780
14418980
14419273
14419293
14419386
14419603
14420029
14420048
14420081
14420090
14420113
14420121
14420191
14420467
14420924
14421517
14422253
14422398
14422680
14422776
14423136
14423154
14423200
14423524
14423729
14423760
14424356
14424441
14426437
14426580
14427050
14427062
14427364
14428218
14428249
14428273
14428415
14428449
14429266
14430588
14430818
14431003
14431069
14431229
14431497
14431713
14432189
14432289
14432341
14432361
14432437
14432553
14432561
14432576
14432671
14432798
14433405
14433734
14434244
14434279
14434724
14434787
14434970
14435055
14435056
14435122
14435200
14435226
14435421
14435454
14435528
14435692
14435781
14435861
14436144
14436231
14436232
14436797
14436891
14436951
14437220
14437567
14438042
14438191
14438722
14438753
14438894
14439009
14439629
14439658
14439890
14439985
14439995
14440127
14440131
14440651
14440839
14440963
14440964
14441354
14441418
14442064
14442559
14442585
14442609
14443027
14443272
14443397
14443417
14443439
14443458
14443468
14443493
14443498
14443503
14443588
14443618
14443635
14443663
14443680
14444147
14444281
14444282
14444430
14445050
14445554
14445769
14445773
14446171
14447159
14447339
14447360
14447392
14447447
14447463
14447472
14447683
14447719
14448529
14448981
14449000
14449016
14449039
14449046
14449052
14449059
14449068
14449076
14449083
14449126
14449133
14449137
14449142
14449194
14449229
14449256
14449279
14449288
14449320
14449334
14449590
14449607
14449631
14449963
14450035
14450245
14450397
14450419
14451225
14451721
14451844
14452035
14452086
14453095
14453101
14453120
14453126
14453137
14453139
14453143
14453146
14454079
14454113
14454194
14454506
14454558
14454580
14454581
14454585
14454589
14454622
14454631
14454636
14454644
14454670
14454685
14454715
14454722
14454748
14454757
14454768
14454774
14454779
14454782
14454790
14454794
14454799
14454810
14454815
14454819
14454825
14454832
14454838
14454843
14454850
14454851
14454857
14454864
14454869
14454877
14454882
14454888
14454892
14454899
14454910
14454926
14454930
14454940
14454947
14454986
14455008
14455013
14455050
14455056
14455060
14455071
14455078
14455093
14455100
14455109
14455135
14455158
14455210
14455562
14455572
14455679
14456239
14456315
14456455
14456623
14456651
14457317
14457525
14458128
14458186
14459443
14459750
14460686
14460806
14460813
14460823
14460826
14460831
14460836
14460847
14461065
14461146
14461163
14461390
14461519
14461666
14461674
14461675
14461681
14461687
14461932
14461994
14462282
14462530
14463373
14463444
14463523
14463525
14464423
14464523
14465448
14465476
14465683
14466081
14466201
14466401
14466505
14466766
14466926
14466942
14467305
14467413
14467581
14468189
14468863
14469051
14469059
14469090
14469498
14469499
14470193
14470784
14471719
14472143
14472149
14472167
14472272
14472557
14472608
14472644
14473077
14473212
14473478
14473528
14473652
14473708
14473935
14473944
14474237
14475035
14475070
14475328
14477165
14477169
14477460
14477772
14478958
14479357
14479369
14479396
14479414
14479839
14480080
14480198
14480210
14480249
14480261
14480269
14480359
14480575
14480831
14480850
14480933
14480936
14481311
14481313
14482350
14482890
14483294
14483842
14483878
14485268
14485655
14485761
14486211
14486432
14486475
14486517
14486543
14486555
14486709
14486871
14487018
14487429
14487475
14488429
14488541
14488740
14489402
14489408
14489412
14489415
14489420
14489616
14489682
14489905
14489978
14489999
14490000
14490138
14490286
14490363
14490438
14490525
14490786
14490964
14491888
14492065
14492233
14492371
14492593
14492693
14492775
14492776
14493119
14493238
14493261
14493332
14493410
14493607
14493877
14493953
14494309
14494316
14494335
14494552
14494695
14494706
14495677
14495709
14495726
14495843
14496336
14496444
14496560
14496676
14496776
14497908
14497928
14498378
14498385
14498509
14498874
14499125
14499191
14499304
14499992
