14493738
14493741
14493744
14493752
14493753
14493756
14493759
14493760
14493763
14493773
14493777
14493779
14493796
14493797
14493823
14493824
14493825
14493831
14493832
14493833
14493849
14493858
14493867
14493872
14493884
14493900
14493905
14493910
14493913
14493921
14493942
14493946
14493947
14493951
14493953
14493962
14493973
14493976
14493984
14493988
14493990
14493993
14493996
14493999
14494008
14494009
14494010
14494032
14494037
14494043
14494046
14494049
14494050
14494051
14494052
14494054
14494059
14494064
14494072
14494076
14494083
14494086
14494095
14494096
14494098
14494100
14494103
14494104
14494110
14494117
14494127
14494128
14494129
14494135
14494137
14494144
14494149
14494159
14494163
14494164
14494166
14494168
14494176
14494177
14494178
14494179
14494183
14494184
14494186
14494187
14494197
14494200
14494215
14494218
14494220
14494221
14494225
14494226
14494229
14494238
14494239
14494242
14494244
14494245
14494263
14494284
14494285
14494294
14494295
14494302
14494312
14494313
14494317
14494322
14494324
14494327
14494329
14494332
14494335
14494336
14494338
14494341
14494343
14494348
14494349
14494353
14494356
14494357
14494365
14494366
14494367
14494369
14494370
14494371
14494372
14494373
14494374
14494375
14494376
14494377
14494378
14494379
14494380
14494381
14494385
14494387
14494392
14494394
14494395
14494402
14494403
14494406
14494409
14494411
14494413
14494415
14494420
14494426
14494427
14494436
14494440
14494444
14494445
14494446
14494451
14494464
14494468
14494470
14494472
14494473
14494486
14494499
14494503
14494504
14494506
14494515
14494521
14494527
14494548
14494552
14494559
14494573
14494575
14494584
14494587
14494591
14494602
14494603
14494607
14494616
14494628
14494631
14494635
14494642
14494653
14494660
14494661
14494670
14494675
14494682
14494691
14494701
14494703
14494716
14494723
14494734
14494737
14494738
14494739
14494752
14494763
14494766
14494772
14494779
14494783
14494794
14494801
14494802
14494820
14494823
14494826
14494828
14494829
14494837
14494841
14494842
14494843
14494849
14494858
14494862
14494871
14494872
14494878
14494886
14494888
14494892
14494900
14494903
14494906
14494910
14494916
14494920
14494924
14494928
14494935
14494939
14494942
14494945
14494948
14494956
14494961
14494964
14494969
14494974
14494975
14494985
14494991
14494999
14495001
14495004
14495007
14495008
14495010
14495013
14495015
14495020
14495023
14495032
14495034
14495037
14495047
14495054
14495061
14495063
14495070
14495074
14495086
14495093
14495101
14495113
14495117
14495119
14495127
14495128
14495144
14495148
14495151
14495167
14495170
14495171
14495179
14495187
14495188
14495193
14495195
14495207
14495212
14495217
14495225
14495226
14495230
14495233
14495234
14495240
14495254
14495257
14495261
14495264
14495266
14495286
14495309
14495312
14495315
14495327
14495329
14495331
14495332
14495356
14495357
14495366
14495376
14495404
14495419
14495420
14495422
14495442
14495455
14495457
14495459
14495461
14495467
14495472
14495475
14495481
14495489
14495490
14495501
14495514
14495520
14495522
14495523
14495524
14495528
14495533
14495535
14495540
14495550
14495552
14495556
14495557
14495567
14495570
14495578
14495580
14495588
14495600
14495609
14495613
14495621
14495637
14495643
14495644
14495646
14495647
14495651
14495660
14495668
14495669
14495677
14495680
14495681
14495684
14495689
14495694
14495695
14495707
14495720
14495730
14495742
14495752
14495756
14495765
14495781
14495789
14495797
14495803
14495825
14495827
14495833
14495836
14495851
14495871
14495878
14495889
14495900
14495911
14495915
14495922
14495931
14495941
14495947
14495951
14495952
14495953
14495957
14495963
14495979
14495982
14495990
14495993
14495995
14495996
14496006
14496010
14496012
14496020
14496021
14496023
14496034
14496037
14496038
14496072
14496078
14496088
14496095
14496098
14496111
14496141
14496145
14496166
14496167
14496171
14496172
14496175
14496181
14496195
14496196
14496207
14496209
14496213
14496226
14496234
14496235
14496237
14496246
14496250
14496255
14496256
14496258
14496259
14496260
14496270
14496271
14496273
14496288
14496292
14496295
14496300
14496303
14496336
14496337
14496372
14496378
14496394
14496408
14496420
14496421
14496423
14496428
14496432
14496437
14496439
14496441
14496445
14496447
14496453
14496460
14496465
14496483
14496487
14496488
14496493
14496496
14496501
14496506
14496508
14496510
14496513
14496525
14496526
14496534
14496539
14496579
14496583
14496616
14496619
14496626
14496628
14496643
14496652
14496655
14496662
14496664
14496673
14496686
14496695
14496711
14496727
14496728
14496730
14496732
14496740
14496750
14496751
14496764
14496780
14496783
14496786
14496791
14496792
14496794
14496802
14496804
14496809
14496811
14496823
14496831
14496856
14496857
14496860
14496863
14496876
14496897
14496900
14496906
14496912
14496913
14496919
14496936
14496937
14496948
14496950
14496953
14496956
14496957
14496968
14496975
14496994
14496998
14497020
14497025
14497033
14497039
14497041
14497047
14497051
14497079
14497085
14497099
14497101
14497112
14497115
14497129
14497139
14497140
14497143
14497147
14497154
14497165
14497177
14497198
14497205
14497222
14497233
14497240
14497244
14497270
14497272
14497297
14497300
14497304
14497305
14497314
14497316
14497328
14497332
14497336
14497347
14497349
14497353
14497357
14497365
14497372
14497389
14497394
14497399
14497401
14497408
14497421
14497423
14497427
14497431
14497432
14497433
14497439
14497443
14497450
14497454
14497462
14497480
14497484
14497525
14497527
14497531
14497535
14497542
14497545
14497547
14497551
14497562
14497564
14497565
14497566
14497567
14497570
14497575
14497582
14497587
14497593
14497605
14497622
14497626
14497639
14497645
14497652
14497653
14497654
14497664
14497667
14497669
14497670
14497672
14497673
14497676
14497680
14497681
14497682
14497683
14497685
14497687
14497688
14497690
14497692
14497693
14497696
14497698
14497700
14497701
14497706
14497707
14497714
14497720
14497721
14497722
14497724
14497728
14497729
14497734
14497740
14497747
14497749
14497750
14497751
14497752
14497754
14497761
14497762
14497763
14497771
14497773
14497777
14497793
14497798
14497799
14497808
14497811
14497812
14497816
14497820
14497826
14497829
14497834
14497838
14497839
14497840
14497850
14497855
14497870
14497871
14497878
14497880
14497888
14497894
14497895
14497897
14497903
14497904
14497906
14497908
14497909
14497913
14497935
14497937
14497957
14497961
14497966
14497969
14497973
14497999
14498005
14498009
14498015
14498016
14498017
14498019
14498027
14498041
14498046
14498063
14498070
14498075
14498076
14498084
14498086
14498096
14498105
14498106
14498107
14498112
14498132
14498135
14498137
14498141
14498144
14498167
14498173
14498178
14498200
14498212
14498214
14498225
14498230
14498251
14498263
14498278
14498284
14498290
14498292
14498297
14498313
14498316
14498321
14498329
14498330
14498331
14498354
14498373
14498376
14498378
14498379
14498392
14498418
14498419
14498425
14498440
14498448
14498458
14498463
14498477
14498481
14498486
14498492
14498503
14498507
14498514
14498528
14498529
14498544
14498577
14498591
14498615
14498633
14498640
14498641
14498643
14498647
14498662
14498664
14498665
14498666
14498676
14498682
14498717
14498718
14498728
14498730
14498732
14498735
14498738
14498748
14498755
14498767
14498768
14498770
14498774
14498776
14498780
14498781
14498797
14498804
14498807
14498811
14498815
14498816
14498820
14498823
14498824
14498833
14498834
14498839
14498841
14498842
14498853
14498854
14498864
14498865
14498868
14498869
14498871
14498883
14498884
14498892
14498916
14498917
14498920
14498928
14498929
14498935
14498939
14498967
14498971
14498976
14498985
14498993
14498995
14499001
14499012
14499013
14499017
14499019
14499024
14499034
14499039
14499042
14499048
14499056
14499061
14499065
14499072
14499075
14499098
14499101
14499120
14499121
14499123
14499132
14499134
14499137
14499143
14499157
14499166
14499169
14499171
14499184
14499192
14499193
14499194
14499214
14499219
14499221
14499224
14499239
14499240
14499253
14499262
14499289
14499302
14499308
14499313
14499320
14499338
14499342
14499347
14499355
14499359
14499361
14499362
14499363
14499369
14499370
14499378
14499404
14499411
14499417
14499418
14499428
14499436
14499439
14499441
14499444
14499450
14499454
14499462
14499472
14499478
14499480
14499482
14499485
14499488
14499493
14499502
14499512
14499513
14499516
14499525
14499547
14499552
14499562
14499578
14499579
14499587
14499589
14499596
14499603
14499639
14499644
14499660
14499671
14499678
14499681
14499682
14499687
14499694
14499695
14499696
14499700
14499704
14499708
14499710
14499713
14499717
14499718
14499719
14499722
14499724
14499737
14499739
14499763
14499767
14499781
14499785
14499791
14499804
14499806
14499817
14499819
14499830
14499833
14499857
14499863
14499867
14499870
14499889
14499921
14499924
14499930
14499941
14499942
14499944
14499946
14499949
14499951
14499952
14499969
14499971
14499978
14499980
14499987
14499989
14499998
