14494274
14494284
14494286
14494288
14494292
14494296
14494297
14494306
14494315
14494317
14494321
14494322
14494323
14494325
14494330
14494340
14494344
14494345
14494349
14494352
14494373
14494375
14494378
14494392
14494403
14494409
14494411
14494414
14494418
14494426
14494440
14494443
14494446
14494450
14494452
14494463
14494472
14494490
14494494
14494496
14494497
14494502
14494510
14494515
14494516
14494518
14494522
14494529
14494530
14494534
14494543
14494547
14494548
14494549
14494550
14494552
14494556
14494557
14494561
14494562
14494565
14494566
14494581
14494584
14494587
14494590
14494591
14494593
14494604
14494617
14494619
14494629
14494641
14494645
14494648
14494650
14494653
14494659
14494661
14494662
14494663
14494665
14494666
14494667
14494668
14494669
14494670
14494672
14494673
14494675
14494676
14494679
14494683
14494684
14494690
14494699
14494703
14494706
14494709
14494710
14494712
14494715
14494716
14494723
14494725
14494728
14494732
14494739
14494741
14494747
14494749
14494751
14494753
14494755
14494756
14494757
14494772
14494781
14494783
14494784
14494789
14494790
14494791
14494793
14494807
14494818
14494823
14494826
14494828
14494829
14494830
14494837
14494842
14494845
14494847
14494848
14494852
14494853
14494860
14494862
14494863
14494864
14494865
14494866
14494868
14494869
14494870
14494876
14494882
14494885
14494893
14494895
14494897
14494900
14494910
14494912
14494916
14494925
14494929
14494934
14494939
14494944
14494945
14494947
14494948
14494954
14494955
14494956
14494959
14494960
14494963
14494972
14494973
14494978
14494985
14494987
14494992
14494998
14495003
14495005
14495011
14495016
14495022
14495026
14495030
14495034
14495045
14495046
14495050
14495052
14495054
14495058
14495061
14495069
14495072
14495074
14495078
14495086
14495093
14495099
14495109
14495115
14495117
14495119
14495121
14495126
14495127
14495129
14495133
14495144
14495149
14495150
14495154
14495156
14495157
14495160
14495165
14495167
14495171
14495177
14495179
14495184
14495191
14495194
14495195
14495196
14495198
14495199
14495201
14495203
14495207
14495208
14495212
14495215
14495216
14495221
14495222
14495234
14495235
14495237
14495246
14495255
14495265
14495269
14495270
14495273
14495275
14495286
14495293
14495298
14495300
14495305
14495306
14495308
14495315
14495331
14495345
14495346
14495347
14495352
14495354
14495355
14495356
14495358
14495364
14495372
14495381
14495384
14495392
14495395
14495406
14495409
14495416
14495449
14495456
14495467
14495475
14495484
14495487
14495489
14495499
14495501
14495503
14495506
14495508
14495511
14495512
14495513
14495533
14495540
14495546
14495549
14495563
14495569
14495572
14495579
14495582
14495586
14495591
14495597
14495601
14495611
14495612
14495616
14495628
14495638
14495647
14495651
14495655
14495660
14495665
14495669
14495675
14495676
14495691
14495694
14495713
14495715
14495718
14495719
14495728
14495729
14495730
14495732
14495738
14495743
14495756
14495758
14495760
14495761
14495767
14495769
14495777
14495780
14495781
14495783
14495785
14495789
14495793
14495797
14495805
14495815
14495819
14495824
14495830
14495831
14495844
14495845
14495846
14495851
14495855
14495857
14495859
14495864
14495866
14495868
14495878
14495889
14495904
14495908
14495920
14495922
14495931
14495935
14495945
14495947
14495952
14495956
14495957
14495961
14495964
14495965
14495968
14495982
14496003
14496006
14496010
14496016
14496022
14496027
14496032
14496038
14496057
14496060
14496063
14496073
14496074
14496076
14496078
14496080
14496082
14496084
14496087
14496091
14496094
14496095
14496096
14496107
14496111
14496117
14496121
14496123
14496127
14496136
14496143
14496148
14496151
14496155
14496165
14496166
14496170
14496172
14496176
14496181
14496182
14496183
14496193
14496194
14496195
14496200
14496204
14496206
14496209
14496210
14496213
14496216
14496219
14496220
14496229
14496230
14496245
14496249
14496259
14496264
14496266
14496270
14496271
14496272
14496273
14496274
14496277
14496283
14496289
14496306
14496323
14496337
14496347
14496365
14496369
14496389
14496391
14496392
14496394
14496428
14496431
14496435
14496438
14496439
14496446
14496448
14496453
14496454
14496460
14496464
14496488
14496489
14496493
14496495
14496497
14496500
14496501
14496502
14496510
14496513
14496535
14496538
14496539
14496542
14496554
14496555
14496565
14496568
14496569
14496575
14496576
14496579
14496580
14496583
14496586
14496594
14496597
14496599
14496600
14496603
14496606
14496608
14496611
14496616
14496618
14496626
14496628
14496630
14496635
14496641
14496644
14496648
14496664
14496666
14496669
14496690
14496699
14496703
14496705
14496715
14496718
14496719
14496728
14496732
14496736
14496752
14496757
14496761
14496764
14496766
14496777
14496802
14496806
14496811
14496812
14496823
14496864
14496867
14496883
14496884
14496893
14496899
14496900
14496931
14496938
14496948
14496950
14496956
14496962
14496963
14496965
14496966
14496968
14496969
14496973
14497000
14497006
14497020
14497021
14497039
14497056
14497061
14497075
14497084
14497093
14497105
14497109
14497112
14497136
14497154
14497157
14497170
14497172
14497200
14497204
14497209
14497210
14497230
14497234
14497239
14497242
14497243
14497244
14497247
14497248
14497250
14497252
14497267
14497273
14497284
14497285
14497302
14497313
14497314
14497352
14497353
14497363
14497367
14497375
14497389
14497390
14497392
14497426
14497463
14497474
14497498
14497501
14497528
14497532
14497535
14497543
14497548
14497556
14497564
14497569
14497570
14497575
14497582
14497595
14497596
14497611
14497616
14497618
14497627
14497644
14497648
14497652
14497658
14497675
14497683
14497684
14497685
14497692
14497693
14497698
14497700
14497715
14497721
14497737
14497745
14497750
14497751
14497756
14497763
14497769
14497770
14497781
14497785
14497793
14497802
14497804
14497806
14497807
14497812
14497813
14497819
14497820
14497825
14497828
14497830
14497838
14497851
14497858
14497881
14497892
14497894
14497900
14497918
14497920
14497923
14497929
14497930
14497944
14497955
14497960
14497987
14497990
14497995
14497997
14498009
14498010
14498015
14498019
14498030
14498039
14498041
14498044
14498048
14498053
14498057
14498059
14498061
14498065
14498072
14498073
14498076
14498077
14498080
14498085
14498089
14498105
14498114
14498122
14498128
14498129
14498133
14498136
14498140
14498141
14498147
14498160
14498173
14498182
14498184
14498187
14498189
14498202
14498204
14498205
14498212
14498213
14498215
14498219
14498220
14498225
14498227
14498230
14498235
14498237
14498238
14498239
14498240
14498244
14498249
14498250
14498256
14498260
14498262
14498263
14498269
14498285
14498295
14498303
14498306
14498310
14498312
14498323
14498345
14498357
14498374
14498385
14498390
14498406
14498409
14498415
14498419
14498420
14498424
14498426
14498434
14498440
14498442
14498443
14498448
14498453
14498464
14498469
14498476
14498480
14498484
14498498
14498509
14498515
14498518
14498521
14498523
14498541
14498542
14498543
14498545
14498546
14498551
14498556
14498558
14498564
14498573
14498574
14498577
14498580
14498585
14498586
14498587
14498591
14498593
14498598
14498602
14498604
14498605
14498607
14498612
14498615
14498624
14498635
14498639
14498640
14498643
14498652
14498671
14498675
14498680
14498692
14498694
14498706
14498707
14498710
14498716
14498724
14498725
14498727
14498744
14498755
14498757
14498763
14498764
14498765
14498803
14498809
14498810
14498815
14498819
14498821
14498822
14498825
14498828
14498832
14498836
14498839
14498841
14498842
14498861
14498869
14498873
14498876
14498883
14498892
14498897
14498933
14498949
14498950
14498951
14498955
14498958
14498961
14498963
14498965
14498971
14498994
14499002
14499017
14499020
14499029
14499039
14499049
14499053
14499058
14499065
14499073
14499076
14499078
14499092
14499095
14499105
14499109
14499129
14499132
14499133
14499137
14499143
14499145
14499157
14499159
14499163
14499171
14499173
14499182
14499184
14499188
14499193
14499200
14499201
14499209
14499218
14499220
14499232
14499237
14499243
14499255
14499276
14499279
14499283
14499342
14499348
14499372
14499374
14499382
14499386
14499395
14499398
14499402
14499403
14499409
14499413
14499415
14499416
14499421
14499428
14499436
14499460
14499465
14499473
14499487
14499495
14499497
14499498
14499502
14499510
14499520
14499523
14499529
14499530
14499536
14499537
14499544
14499547
14499557
14499560
14499561
14499564
14499565
14499566
14499567
14499568
14499578
14499592
14499596
14499597
14499600
14499602
14499603
14499612
14499614
14499618
14499628
14499633
14499655
14499660
14499666
14499682
14499686
14499704
14499713
14499714
14499730
14499737
14499738
14499741
14499743
14499750
14499754
14499756
14499759
14499760
14499772
14499790
14499791
14499801
14499804
14499810
14499811
14499812
14499817
14499823
14499826
14499831
14499832
14499834
14499836
14499838
14499842
14499849
14499860
14499862
14499863
14499865
14499868
14499872
14499893
14499898
14499938
14499940
14499956
14499958
14499966
14499984
14499985
14499996
