14489908
14489910
14489925
14489939
14489960
14489987
14489988
14489990
14489994
14489998
14490000
14490001
14490004
14490010
14490019
14490022
14490027
14490028
14490029
14490030
14490040
14490045
14490068
14490079
14490086
14490091
14490120
14490125
14490126
14490132
14490162
14490169
14490196
14490202
14490209
14490222
14490225
14490229
14490232
14490234
14490241
14490242
14490249
14490261
14490271
14490295
14490308
14490354
14490361
14490363
14490371
14490374
14490379
14490381
14490388
14490399
14490414
14490421
14490428
14490441
14490443
14490451
14490460
14490472
14490473
14490474
14490482
14490498
14490516
14490525
14490531
14490543
14490554
14490569
14490573
14490585
14490587
14490619
14490640
14490648
14490653
14490665
14490728
14490732
14490763
14490768
14490771
14490787
14490789
14490796
14490800
14490801
14490823
14490849
14490853
14490862
14490872
14490883
14490889
14490890
14490960
14490963
14490966
14490992
14491005
14491009
14491014
14491018
14491027
14491034
14491044
14491050
14491053
14491055
14491056
14491063
14491067
14491098
14491104
14491119
14491122
14491127
14491134
14491147
14491155
14491165
14491186
14491200
14491202
14491232
14491244
14491254
14491259
14491275
14491277
14491280
14491290
14491293
14491309
14491311
14491313
14491323
14491331
14491336
14491353
14491355
14491356
14491358
14491367
14491380
14491392
14491395
14491404
14491405
14491446
14491453
14491462
14491468
14491476
14491478
14491481
14491485
14491486
14491489
14491495
14491505
14491513
14491514
14491519
14491521
14491528
14491529
14491531
14491535
14491542
14491559
14491560
14491588
14491590
14491593
14491607
14491613
14491622
14491634
14491639
14491644
14491665
14491676
14491688
14491691
14491697
14491702
14491714
14491729
14491731
14491737
14491743
14491747
14491765
14491773
14491774
14491776
14491789
14491799
14491800
14491801
14491808
14491864
14491872
14491883
14491895
14491925
14491929
14491932
14491936
14491938
14491941
14491954
14491960
14491970
14491972
14491977
14491979
14492009
14492022
14492023
14492027
14492040
14492047
14492056
14492065
14492066
14492068
14492081
14492083
14492089
14492090
14492098
14492105
14492111
14492127
14492143
14492144
14492146
14492161
14492169
14492172
14492173
14492176
14492199
14492206
14492228
14492245
14492248
14492260
14492264
14492277
14492285
14492308
14492309
14492310
14492329
14492333
14492342
14492374
14492380
14492394
14492403
14492404
14492408
14492413
14492421
14492432
14492437
14492473
14492483
14492493
14492498
14492508
14492516
14492529
14492548
14492558
14492561
14492563
14492571
14492587
14492591
14492600
14492606
14492628
14492630
14492632
14492635
14492636
14492638
14492645
14492663
14492667
14492686
14492692
14492694
14492705
14492707
14492725
14492758
14492764
14492767
14492779
14492780
14492800
14492820
14492831
14492849
14492864
14492879
14492889
14492901
14492914
14492918
14492937
14492946
14492954
14492960
14492972
14492976
14492991
14492992
14492999
14493020
14493031
14493037
14493041
14493044
14493054
14493081
14493086
14493091
14493097
14493110
14493119
14493127
14493131
14493134
14493155
14493171
14493178
14493181
14493188
14493202
14493207
14493210
14493213
14493217
14493219
14493223
14493258
14493297
14493298
14493304
14493316
14493332
14493342
14493345
14493352
14493376
14493394
14493398
14493408
14493415
14493428
14493429
14493435
14493463
14493467
14493468
14493477
14493480
14493500
14493501
14493513
14493514
14493532
14493533
14493539
14493552
14493559
14493561
14493574
14493599
14493608
14493611
14493620
14493633
14493636
14493649
14493688
14493692
14493696
14493713
14493714
14493716
14493719
14493720
14493731
14493743
14493765
14493789
14493807
14493822
14493828
14493835
14493839
14493851
14493855
14493860
14493870
14493871
14493887
14493888
14493898
14493904
14493905
14493913
14493922
14493935
14493946
14493951
14493953
14493967
14493980
14493989
14493993
14493999
14494002
14494015
14494024
14494026
14494032
14494036
14494040
14494043
14494045
14494056
14494059
14494061
14494062
14494064
14494078
14494079
14494088
14494107
14494127
14494132
14494138
14494139
14494147
14494169
14494176
14494177
14494185
14494190
14494192
14494195
14494206
14494210
14494218
14494220
14494242
14494244
14494253
14494261
14494263
14494264
14494266
14494276
14494291
14494301
14494305
14494317
14494323
14494335
14494344
14494366
14494367
14494373
14494375
14494378
14494393
14494394
14494427
14494437
14494440
14494444
14494445
14494455
14494459
14494465
14494481
14494490
14494512
14494516
14494518
14494586
14494591
14494628
14494646
14494659
14494663
14494670
14494679
14494683
14494687
14494690
14494706
14494707
14494721
14494723
14494756
14494772
14494781
14494783
14494789
14494818
14494821
14494826
14494829
14494837
14494843
14494845
14494854
14494857
14494858
14494881
14494883
14494888
14494905
14494920
14494926
14494977
14494978
14494993
14495015
14495034
14495046
14495055
14495073
14495074
14495080
14495089
14495109
14495113
14495117
14495120
14495128
14495167
14495191
14495194
14495196
14495209
14495213
14495232
14495247
14495249
14495268
14495290
14495292
14495346
14495363
14495386
14495389
14495394
14495395
14495401
14495404
14495426
14495432
14495437
14495439
14495441
14495446
14495471
14495481
14495492
14495493
14495497
14495516
14495534
14495541
14495546
14495549
14495552
14495556
14495576
14495612
14495635
14495652
14495663
14495669
14495677
14495680
14495750
14495758
14495769
14495794
14495799
14495803
14495831
14495842
14495857
14495859
14495899
14495907
14495934
14495957
14495982
14496006
14496019
14496032
14496038
14496071
14496084
14496085
14496107
14496119
14496122
14496155
14496166
14496206
14496209
14496217
14496229
14496252
14496258
14496259
14496269
14496289
14496314
14496320
14496336
14496349
14496361
14496391
14496399
14496405
14496417
14496438
14496439
14496446
14496447
14496460
14496477
14496483
14496497
14496506
14496507
14496508
14496510
14496515
14496518
14496524
14496551
14496571
14496576
14496583
14496608
14496611
14496616
14496623
14496649
14496654
14496656
14496657
14496678
14496690
14496697
14496704
14496709
14496730
14496743
14496748
14496756
14496764
14496782
14496794
14496833
14496841
14496850
14496863
14496884
14496898
14496910
14496911
14496936
14496968
14496973
14496975
14497010
14497041
14497059
14497067
14497070
14497092
14497098
14497116
14497118
14497129
14497130
14497135
14497139
14497145
14497167
14497172
14497199
14497222
14497244
14497280
14497296
14497340
14497345
14497353
14497359
14497373
14497374
14497389
14497390
14497397
14497400
14497408
14497413
14497447
14497477
14497499
14497503
14497510
14497527
14497531
14497536
14497538
14497552
14497581
14497582
14497590
14497601
14497648
14497651
14497652
14497657
14497680
14497691
14497692
14497694
14497709
14497717
14497728
14497735
14497746
14497750
14497754
14497765
14497772
14497774
14497778
14497785
14497794
14497820
14497829
14497844
14497857
14497858
14497869
14497910
14497918
14497929
14497972
14498001
14498009
14498048
14498051
14498054
14498067
14498073
14498105
14498106
14498111
14498128
14498147
14498150
14498155
14498179
14498192
14498196
14498219
14498223
14498229
14498244
14498247
14498249
14498269
14498298
14498302
14498306
14498310
14498330
14498331
14498351
14498356
14498357
14498365
14498376
14498380
14498387
14498392
14498393
14498395
14498398
14498409
14498419
14498431
14498447
14498448
14498454
14498465
14498468
14498487
14498504
14498524
14498525
14498532
14498537
14498539
14498545
14498547
14498565
14498573
14498574
14498577
14498578
14498580
14498591
14498605
14498609
14498615
14498639
14498647
14498658
14498678
14498679
14498684
14498694
14498708
14498711
14498715
14498717
14498722
14498724
14498726
14498727
14498735
14498747
14498757
14498760
14498766
14498767
14498773
14498780
14498786
14498795
14498796
14498823
14498833
14498845
14498852
14498861
14498891
14498903
14498906
14498915
14498925
14498927
14498931
14498933
14498937
14498955
14498977
14498985
14499004
14499014
14499017
14499029
14499043
14499045
14499060
14499076
14499080
14499104
14499117
14499118
14499129
14499158
14499159
14499169
14499199
14499210
14499220
14499223
14499229
14499271
14499273
14499283
14499297
14499300
14499306
14499312
14499314
14499323
14499326
14499329
14499347
14499348
14499354
14499363
14499374
14499375
14499378
14499384
14499390
14499395
14499405
14499411
14499413
14499420
14499428
14499429
14499436
14499437
14499451
14499453
14499454
14499459
14499462
14499478
14499506
14499507
14499509
14499543
14499548
14499549
14499550
14499558
14499559
14499578
14499579
14499580
14499596
14499607
14499628
14499632
14499634
14499641
14499645
14499650
14499651
14499656
14499666
14499683
14499690
14499694
14499698
14499724
14499725
14499730
14499731
14499737
14499759
14499765
14499766
14499767
14499783
14499810
14499818
14499830
14499847
14499860
14499877
14499879
14499894
14499895
14499903
14499905
14499912
14499913
14499915
14499925
14499941
14499947
14499949
14499952
14499986
14499992
