14379889
14379892
14380385
14380494
14380498
14380804
14380825
14380827
14380936
14380956
14381063
14381165
14381559
14381670
14381686
14381730
14382367
14382376
14382380
14382427
14382430
14382434
14383024
14383025
14383062
14383379
14383616
14383629
14383712
14383728
14383739
14383835
14383934
14383944
14383985
14383995
14383997
14384036
14384143
14384286
14384443
14384450
14384502
14384604
14384609
14384689
14384706
14384710
14385186
14385187
14385236
14385238
14385243
14385327
14385358
14385367
14385439
14385833
14386171
14386178
14386207
14387364
14387396
14387398
14387405
14387451
14387533
14387624
14388914
14388960
14388967
14389021
14389129
14389193
14389195
14389332
14389337
14389340
14389652
14389808
14389815
14389821
14390095
14390317
14390359
14390383
14390389
14390596
14390733
14390793
14390801
14390834
14391136
14391143
14391297
14391301
14392128
14392135
14392137
14392281
14392336
14392476
14392558
14392612
14392813
14392818
14392824
14392827
14393718
14393719
14393721
14393723
14393724
14393891
14393893
14393962
14393974
14393977
14393979
14393989
14393994
14394114
14394129
14394135
14394659
14395557
14395564
14395567
14395627
14395635
14395641
14395642
14395850
14396426
14396431
14396464
14397123
14397171
14397197
14397209
14397299
14397301
14397459
14397506
14397510
14397516
14397571
14397586
14398057
14398061
14398209
14398264
14398431
14398635
14398661
14398664
14398704
14398721
14398766
14398775
14398857
14398884
14399574
14400001
14400067
14400543
14400547
14400612
14400656
14400719
14400734
14400744
14401172
14401201
14401320
14401729
14401897
14402020
14402092
14402140
14402342
14402528
14402654
14402877
14402878
14402882
14402885
14402896
14402907
14403183
14403256
14403273
14403384
14403981
14404535
14404801
14404834
14404846
14404850
14404852
14405024
14405026
14405029
14406240
14406252
14406256
14406266
14406270
14406276
14406401
14406405
14406820
14406823
14407003
14407417
14407436
14407445
14407450
14407942
14407947
14408613
14408654
14408694
14408705
14409109
14409897
14409925
14409933
14409936
14409943
14409947
14410048
14410281
14410432
14410815
14410835
14410866
14411138
14412318
14412527
14412635
14412717
14412954
14413062
14413083
14413094
14413134
14413322
14413651
14413671
14414202
14414223
14414605
14414701
14414702
14414785
14414844
14414862
14414937
14415374
14415534
14415801
14415806
14415821
14415828
14415880
14415884
14415910
14415911
14415920
14415923
14415967
14415970
14415978
14415983
14415994
14416001
14416164
14416458
14416465
14416468
14416643
14416687
14416712
14416748
14416749
14416807
14416827
14416834
14416838
14416845
14416847
14417134
14417142
14417146
14417155
14417164
14417788
14417795
14417890
14417901
14417902
14418005
14418301
14418324
14418343
14418347
14418434
14418773
14418776
14418781
14418922
14419078
14419096
14419100
14419105
14419176
14419181
14419481
14419488
14419499
14419502
14419702
14420176
14420282
14420286
14420305
14420801
14420911
14420941
14421103
14421113
14421191
14421350
14421366
14421371
14421423
14421764
14421787
14421796
14421816
14421828
14421830
14421832
14421833
14421923
14421941
14422124
14422202
14422493
14422498
14422522
14422574
14422877
14422911
14422916
14422917
14422926
14422928
14422933
14422951
14423007
14423014
14423035
14423050
14423120
14423200
14423270
14423292
14423302
14423328
14423343
14423379
14423385
14423498
14423891
14423894
14423895
14423915
14423924
14423930
14423950
14423999
14424004
14424007
14424019
14424230
14424234
14424313
14424593
14424798
14424849
14425243
14425247
14425880
14427129
14427230
14427261
14427310
14428304
14428399
14428567
14428707
14428723
14428733
14429386
14429489
14429499
14429501
14429760
14430005
14430088
14430211
14430291
14430302
14430320
14430503
14430509
14431565
14431722
14431744
14431746
14431851
14432039
14432057
14432063
14432356
14432386
14432437
14432438
14432443
14432444
14432464
14432512
14432732
14433529
14433542
14433559
14433756
14433907
14433931
14433937
14433967
14434096
14434244
14434246
14434253
14434264
14434268
14434271
14434887
14434927
14434934
14435722
14436036
14436296
14436301
14436306
14436517
14436521
14436523
14436748
14436781
14436782
14436798
14437000
14437641
14437728
14437739
14437742
14437786
14437789
14437793
14438059
14438071
14438076
14438435
14438670
14439039
14439163
14439197
14439199
14439206
14439231
14439233
14439295
14439663
14440079
14440196
14440211
14440229
14440496
14440545
14440641
14440682
14440719
14440879
14440893
14441004
14441130
14441145
14441172
14441178
14442326
14442453
14442513
14442565
14442614
14442629
14442915
14443187
14443653
14443674
14443680
14443852
14444127
14444316
14445044
14445367
14445378
14445394
14447153
14447514
14447533
14447540
14449001
14449002
14449016
14449020
14449057
14449130
14449860
14450026
14450096
14450262
14450270
14450274
14450287
14450365
14450521
14450574
14450589
14450746
14450906
14451045
14451051
14451059
14451060
14451074
14451091
14451094
14451118
14452421
14452439
14453003
14453019
14453111
14453151
14453327
14453333
14453334
14453340
14453353
14453355
14453367
14453372
14453449
14453665
14453670
14453676
14453698
14453706
14453710
14453817
14454323
14454521
14454523
14454526
14455088
14455092
14455096
14455102
14455297
14455390
14455481
14455787
14455842
14455844
14455909
14455988
14456177
14456188
14456236
14456264
14456311
14456314
14456462
14456470
14456472
14456604
14456618
14456621
14456726
14456803
14456805
14456817
14456821
14456824
14457101
14457105
14457112
14457293
14457333
14457335
14459153
14459158
14459161
14459504
14459508
14459512
14460867
14460875
14460878
14461139
14461140
14461268
14461303
14461305
14461306
14461408
14461664
14461728
14461803
14461816
14461819
14461826
14461836
14461839
14461844
14461847
14461858
14461863
14462237
14462246
14462250
14462712
14463134
14463302
14463315
14463322
14463373
14463549
14463676
14463679
14465458
14465464
14465473
14465587
14465677
14465685
14465724
14465769
14466317
14466335
14466411
14466441
14466457
14466526
14466529
14466727
14466757
14466765
14466776
14466785
14466875
14466884
14466908
14467260
14467261
14467280
14467285
14467672
14467681
14467731
14468006
14468041
14468048
14468080
14468115
14468131
14468138
14468320
14468941
14469191
14469613
14469626
14469630
14470251
14470266
14470270
14470272
14471081
14471239
14471322
14471323
14471924
14471935
14472032
14472262
14472373
14472378
14472380
14472416
14472419
14472423
14472763
14472838
14472883
14472985
14473195
14473259
14473313
14473318
14473321
14473325
14473337
14473472
14473474
14473476
14473513
14473518
14473617
14473619
14473733
14473770
14473860
14473986
14474049
14474098
14474171
14474783
14474960
14475092
14475557
14475564
14475573
14475972
14475977
14475982
14476104
14476167
14476187
14476192
14476318
14476356
14476382
14476551
14476648
14476651
14476907
14477195
14477241
14477249
14477475
14477477
14477622
14477623
14477633
14477647
14477723
14477754
14477777
14477834
14477885
14477980
14477984
14477987
14478813
14478818
14478822
14478839
14478843
14478849
14478864
14478869
14478870
14478996
14479396
14479400
14479401
14479410
14479418
14479423
14479527
14479532
14479534
14479567
14479577
14479578
14479632
14479674
14479685
14479770
14479773
14479809
14479812
14479817
14479818
14480034
14480043
14480119
14480264
14480271
14480275
14480664
14480669
14480673
14480697
14480703
14480705
14480707
14480725
14480726
14480865
14480872
14480881
14480887
14480903
14480959
14481008
14481012
14481108
14481127
14481359
14481410
14481412
14481754
14482151
14482157
14483089
14483186
14483189
14483194
14483216
14483219
14483220
14483238
14483240
14483267
14483294
14483307
14483316
14483322
14483382
14483598
14483853
14483942
14483958
14483969
14484090
14484244
14484300
14484308
14484319
14485104
14485210
14485219
14485223
14485930
14486217
14486415
14486436
14486801
14487221
14487272
14487293
14487294
14487393
14487454
14487654
14487713
14487717
14488132
14488168
14488176
14488591
14488763
14489018
14489204
14489208
14489309
14489318
14489323
14489327
14489733
14489933
14490407
14490545
14490559
14490562
14490761
14491101
14491102
14491134
14491145
14491148
14491154
14491648
14491684
14491688
14491690
14491706
14491710
14491731
14491833
14491836
14492245
14492251
14492292
14492301
14492324
14492327
14492343
14492379
14492380
14492522
14492526
14492533
14492584
14492599
14492603
14492902
14493197
14493204
14493212
14493321
14493429
14493604
14493654
14493923
14493930
14493932
14493935
14493939
14494135
14494229
14494427
14494431
14494436
14494447
14494465
14494529
14494534
14494548
14494566
14494712
14495152
14495505
14495514
14495517
14495592
14495675
14495699
14495701
14495718
14495720
14495729
14495743
14495764
14495778
14495791
14495801
14495819
14495985
14495987
14496020
14496023
14496029
14496612
14496616
14496620
14496666
14497083
14497151
14497168
14497177
14497197
14497821
14497826
14498140
14498160
14498509
14498518
14498884
14498892
14498899
14498986
14499090
14499470
14499619
