13847601
13847609
13848172
13848406
13848549
13848671
13848679
13849188
13850334
13851080
13851543
13851564
13852977
13853147
13853166
13853490
13854392
13854497
13854725
13854893
13855046
13855091
13856294
13861253
13861550
13861583
13863087
13864846
13865349
13865662
13865731
13866845
13867553
13867612
13867619
13871513
13871597
13871730
13873556
13873576
13874102
13874128
13875210
13878447
13878826
13878941
13880474
13883683
13883769
13883809
13884348
13885107
13885211
13885448
13885595
13885651
13885653
13885654
13885659
13885784
13890453
13890714
13891130
13891890
13896466
13897261
13897277
13898357
13898797
13899358
13901052
13901113
13901322
13901351
13903881
13904847
13906191
13906226
13906242
13906938
13907022
13910082
13910114
13910137
13910459
13911025
13911337
13911382
13911770
13911781
13912554
13913206
13913210
13913471
13913545
13916009
13916014
13917146
13917266
13918055
13923903
13924037
13924103
13924341
13924595
13925408
13926358
13926734
13927287
13929249
13929297
13929672
13929863
13930660
13931341
13931416
13931785
13932123
13933381
13933382
13935639
13937914
13938488
13938501
13938638
13942309
13942311
13942801
13942829
13942915
13943621
13944089
13944346
13944431
13950552
13950918
13951251
13951286
13951708
13952162
13956574
13957634
13958402
13958575
13958773
13962321
13962874
13964352
13964597
13968382
13968838
13970197
13970330
13970347
13975103
13975173
13975276
13975282
13977684
13981458
13982275
13983239
13983614
13983616
13984644
13988586
13989025
13989140
13989165
13989206
13989446
13989513
13989514
13989657
13989688
13989787
14000704
14000781
14002137
14002365
14002397
14003243
14003404
14003408
14003443
14003796
14004159
14007476
14008213
14008252
14008782
14008808
14008812
14009132
14009652
14010060
14011930
14015513
14015526
14016640
14017535
14021157
14021160
14021661
14021666
14021694
14022332
14022337
14022728
14023232
14023261
14025538
14025662
14025672
14026566
14026802
14026948
14027662
14028992
14029491
14029502
14029894
14031741
14033840
14033905
14034408
14034745
14034976
14035689
14035708
14036620
14036661
14036793
14036797
14038992
14040872
14042536
14042666
14045014
14045026
14046035
14048143
14054245
14054303
14054437
14055059
14055133
14055187
14059816
14059837
14060429
14061184
14061190
14061944
14062034
14064779
14066057
14066067
14066238
14066557
14066649
14067047
14067193
14067807
14068460
14068477
14069306
14072688
14072697
14074165
14078876
14079460
14079619
14079756
14080867
14081815
14085824
14087334
14087839
14090945
14094342
14094492
14094501
14094596
14097264
14097900
14099045
14099049
14099197
14100471
14101290
14102410
14103750
14104000
14105328
14105334
14105973
14106008
14106361
14106386
14106867
14107168
14111978
14112469
14113198
14116430
14116900
14118032
14118052
14118078
14118862
14118870
14120126
14120482
14121170
14124338
14124352
14124627
14126580
14126632
14126652
14127027
14127134
14127726
14130496
14132652
14132671
14134045
14136381
14136596
14136889
14138750
14138758
14139109
14139127
14143521
14143587
14143625
14143638
14144215
14144641
14144646
14144656
14145075
14145299
14145338
14145847
14145857
14146702
14146750
14147024
14148224
14148236
14149715
14150572
14150636
14151185
14152137
14152259
14152807
14155476
14157495
14157611
14157832
14158003
14158183
14160927
14160964
14162711
14162726
14164000
14165506
14165875
14169056
14169066
14169400
14170885
14171075
14171298
14171408
14171613
14174929
14174936
14176496
14176605
14177447
14178789
14178993
14183281
14183992
14184389
14184558
14184839
14184923
14184941
14188240
14188251
14188325
14188329
14188449
14188455
14188478
14188481
14188507
14188962
14190613
14190999
14191716
14193821
14194815
14195692
14196850
14196858
14197914
14197922
14198353
14198374
14198678
14201239
14201887
14202111
14202555
14203269
14203292
14203294
14203312
14203370
14203901
14203921
14204885
14207183
14207204
14207292
14207518
14207550
14208125
14208299
14208758
14209077
14209082
14209360
14209409
14209421
14210256
14210260
14210273
14213911
14215030
14215466
14215887
14215970
14216001
14217460
14217462
14220182
14220196
14220363
14220386
14220389
14220583
14221308
14222284
14222341
14222400
14222405
14223411
14225090
14225485
14225526
14227236
14227272
14228270
14228282
14230072
14233136
14233782
14233858
14234904
14235058
14235147
14235948
14236881
14238765
14240141
14241683
14242460
14246802
14246806
14248668
14248783
14251981
14253148
14254754
14255036
14255612
14255615
14255619
14256041
14256101
14256161
14256461
14259896
14260064
14261617
14261629
14262042
14262186
14265708
14266751
14266792
14266856
14266860
14267361
14267759
14267775
14269096
14271131
14273620
14273633
14273681
14273788
14273795
14273800
14275235
14275543
14275622
14275658
14275872
14275886
14276092
14276098
14278706
14278777
14278891
14278935
14279556
14279569
14280016
14280596
14281027
14281309
14281350
14286369
14286384
14286428
14286498
14286640
14286646
14286971
14287007
14287059
14288939
14289109
14290615
14292546
14293088
14293097
14293446
14293455
14294424
14295342
14295347
14298651
14299187
14299248
14299974
14299978
14300386
14300879
14300880
14300964
14301353
14301368
14301378
14301460
14301874
14301925
14302942
14305070
14306118
14306458
14306534
14306549
14307090
14307095
14307103
14307107
14307118
14308055
14308097
14308181
14310137
14310152
14311960
14312897
14314035
14317482
14318078
14319231
14319577
14319585
14319591
14319625
14319964
14320036
14320092
14320105
14320227
14320428
14324103
14324124
14324857
14325182
14325232
14325234
14326027
14326470
14326510
14326846
14327057
14330545
14330936
14330989
14331011
14332030
14332121
14332397
14332829
14334261
14337325
14337624
14340341
14342939
14343387
14344450
14344511
14344526
14344537
14344603
14344769
14345848
14346105
14346204
14349997
14350579
14351196
14351209
14351289
14351689
14352247
14352493
14352496
14352633
14353214
14355573
14355583
14356287
14356549
14356562
14356634
14356695
14358032
14358730
14358747
14361778
14362184
14363581
14363790
14363798
14364030
14364095
14365704
14365709
14365799
14368610
14369079
14369128
14369818
14369842
14369922
14369992
14370152
14371596
14371741
14371864
14371964
14372295
14372306
14373060
14374752
14375839
14376644
14377087
14378087
14378660
14379745
14381984
14382671
14382743
14383022
14383393
14383932
14383985
14384770
14384929
14385045
14385828
14385866
14387336
14387864
14389214
14389541
14389544
14389673
14389685
14389697
14389705
14390207
14390623
14390986
14391196
14391422
14391602
14391737
14393448
14393724
14393755
14394862
14395649
14395654
14395960
14396026
14396791
14397106
14398157
14402214
14402525
14402873
14403359
14403369
14403518
14403572
14405496
14405853
14405873
14405881
14405886
14407018
14407627
14409182
14409274
14409846
14410080
14410135
14413393
14414615
14415148
14415743
14415753
14415806
14415847
14416157
14416755
14417118
14417220
14419221
14419389
14419803
14420201
14420329
14420755
14420758
14422058
14422463
14422654
14422896
14423204
14423537
14424692
14424702
14427314
14427461
14427657
14428204
14429298
14429472
14429474
14433969
14433980
14434697
14434842
14436046
14436059
14436238
14436517
14437173
14437339
14439434
14439443
14439444
14439983
14441112
14441157
14441321
14441393
14441399
14441796
14441888
14441945
14442078
14442506
14442607
14442696
14446020
14446671
14451801
14451841
14452206
14452496
14453523
14453536
14453979
14454108
14454248
14454281
14454334
14459715
14459845
14460012
14465150
14465155
14465493
14465503
14465910
14466001
14466262
14468006
14468345
14468358
14469910
14471782
14471785
14472112
14472675
14472771
14472861
14472922
14472928
14474338
14474454
14474963
14474990
14475045
14475056
14475071
14475103
14475107
14477866
14478308
14478792
14479126
14479214
14479221
14479533
14479605
14479716
14479730
14480149
14480520
14480526
14480732
14480742
14480755
14480791
14480832
14480912
14480955
14480963
14480970
14481047
14481053
14481379
14481380
14481477
14483469
14484490
14484502
14484576
14484617
14484644
14484683
14484797
14484811
14484849
14484964
14484971
14484979
14485122
14485126
14485430
14485459
14485471
14485959
14485975
14486019
14486039
14486043
14486208
14486252
14486278
14486294
14486362
14486409
14486419
14486596
14487205
14487553
14487675
14487683
14487857
14487863
14487943
14488093
14489246
14489488
14489580
14490578
14490964
14491004
14491492
14491681
14491739
14491744
14491747
14491757
14491774
14491778
14491779
14491780
14491921
14491935
14491974
14491979
14491999
14492060
14492065
14492089
14492121
14492137
14492149
14492342
14492348
14492684
14492693
14492694
14492767
14492770
14493066
14493124
14493145
14493150
14493154
14493177
14493181
14493355
14493359
14493575
14493579
14493583
14493639
14493771
14493869
14493882
14493976
14493998
14494236
14494263
14494454
14494462
14495215
14495225
14495956
14496044
14496050
14497255
14497258
14497401
14498173
14498179
14498185
14498196
14498202
14498284
14498501
14498509
14498564
14499234
14499260
14499968
14499970
