14455763
14455789
14455932
14455935
14455941
14455950
14455956
14455971
14455976
14455979
14455983
14455990
14455994
14456004
14456025
14456042
14456044
14456056
14456127
14456154
14456171
14456173
14456197
14456238
14456690
14456811
14456842
14456976
14456983
14457048
14457116
14457599
14457605
14457659
14457670
14457674
14457926
14458626
14458681
14458729
14458774
14458913
14459541
14459553
14459574
14459594
14459608
14459684
14459705
14459715
14459742
14459796
14459820
14460211
14460217
14460227
14460251
14460255
14460588
14460686
14460767
14460789
14460826
14460861
14460891
14460943
14460967
14460975
14461003
14461007
14461021
14461024
14461034
14461040
14461043
14461047
14461052
14461060
14461066
14461067
14461068
14461075
14461080
14461082
14461093
14461107
14461109
14461113
14461140
14461154
14461160
14461218
14461221
14461235
14461272
14461294
14461301
14461319
14461357
14461364
14461386
14461419
14461450
14461462
14461469
14461498
14461509
14461603
14461624
14461641
14461644
14461664
14461689
14461701
14461720
14461731
14461765
14461774
14461798
14461814
14461847
14461854
14461919
14461940
14462027
14462062
14462110
14462127
14462347
14462355
14462373
14462527
14462536
14462646
14462654
14462663
14462677
14462726
14462773
14462813
14462819
14462825
14462840
14462857
14462884
14462890
14462894
14462901
14462920
14462932
14462936
14462950
14462955
14462976
14462986
14463026
14463101
14463103
14463116
14463125
14463132
14463137
14463138
14463150
14463169
14463173
14463202
14463211
14463250
14463253
14463280
14463296
14463341
14463349
14463359
14463368
14463387
14463399
14463403
14463498
14463511
14463564
14463571
14463585
14463604
14463617
14463909
14463920
14463960
14464703
14464745
14464765
14464774
14464806
14464812
14464820
14465134
14465145
14465269
14465281
14465283
14465288
14465293
14465306
14465315
14465321
14465327
14465343
14465349
14465358
14465367
14465376
14465387
14465396
14465401
14465409
14465560
14465604
14465615
14465708
14465743
14465755
14465762
14465825
14466026
14466049
14466055
14466263
14466449
14466581
14466588
14466592
14466597
14466602
14466614
14466618
14466619
14466634
14466693
14466785
14466828
14466845
14466877
14466939
14466972
14467070
14467074
14467077
14467109
14467117
14467126
14467140
14467144
14467161
14467184
14467203
14467221
14467223
14467258
14467264
14467295
14467327
14467333
14467516
14467536
14467566
14467688
14467691
14467768
14467780
14467800
14467866
14467914
14467931
14467953
14467970
14467985
14468004
14468007
14468066
14468069
14468077
14468088
14468104
14468184
14468246
14468253
14468260
14468264
14468269
14468272
14468274
14468282
14468284
14468296
14468326
14468458
14468505
14468848
14469002
14469014
14469018
14469036
14469042
14469048
14469065
14469071
14469081
14469083
14469092
14469148
14469246
14469270
14469343
14469423
14469570
14469872
14469894
14470471
14470475
14470505
14470511
14470513
14470705
14471040
14471047
14471156
14471304
14471313
14471353
14471373
14471384
14471491
14471552
14471559
14471656
14471682
14471703
14471745
14471747
14472074
14472077
14472098
14472104
14472195
14472217
14472262
14472272
14472318
14472323
14472340
14472373
14472380
14472386
14472394
14472416
14472472
14472487
14472559
14472600
14472658
14472699
14472720
14472765
14472848
14472938
14472943
14472950
14472954
14472957
14472973
14473028
14473065
14473116
14473127
14473146
14473243
14473271
14473281
14473295
14473306
14473318
14473328
14473339
14473345
14473363
14473410
14473454
14473519
14473579
14473617
14473623
14473677
14473737
14473837
14473842
14473888
14474307
14474335
14474363
14474375
14474383
14474393
14474402
14474417
14474441
14474462
14474465
14474513
14474539
14474582
14474689
14474838
14474865
14474881
14474884
14474886
14474910
14474927
14475031
14475036
14475051
14475365
14475375
14475474
14475923
14476134
14476179
14476191
14476307
14476376
14476406
14476413
14476416
14476489
14476498
14476527
14476551
14476923
14477054
14477190
14477193
14477209
14477278
14477315
14477340
14477495
14477501
14477510
14477515
14477519
14477521
14477623
14477647
14477661
14477692
14477697
14477704
14477708
14477718
14477738
14477758
14477801
14477811
14477864
14477873
14477874
14477879
14477885
14477913
14478058
14478069
14478082
14478098
14478412
14478422
14478446
14478503
14478510
14478562
14478601
14478602
14478617
14478622
14478632
14478635
14478637
14478661
14478684
14478702
14478707
14478735
14478736
14478737
14478770
14478778
14478849
14478856
14478861
14478871
14478879
14479095
14479109
14479122
14479178
14479257
14479270
14479342
14479360
14479423
14479426
14479522
14479523
14479553
14479558
14479591
14479627
14479636
14479637
14479641
14479680
14479767
14479800
14479810
14479825
14479828
14479829
14479877
14479886
14479890
14479920
14479933
14479940
14479948
14479962
14479965
14479983
14480016
14480051
14480056
14480060
14480061
14480065
14480066
14480070
14480073
14480077
14480083
14480101
14480119
14480151
14480208
14480234
14480240
14480243
14480279
14480283
14480372
14480548
14480568
14480573
14480584
14480688
14480809
14480893
14480906
14480912
14480958
14480960
14480965
14480978
14481030
14481034
14481041
14481044
14481051
14481057
14481061
14481068
14481085
14481100
14481104
14481105
14481127
14481133
14481139
14481140
14481157
14481175
14481247
14481402
14481410
14481412
14481413
14481434
14481522
14481535
14481538
14481542
14481713
14481790
14481797
14481914
14481927
14481980
14481987
14481994
14482023
14482035
14482187
14482405
14482422
14482424
14482429
14482647
14482704
14482936
14482940
14483141
14483151
14483208
14483216
14483869
14483914
14483919
14483920
14484065
14484222
14484226
14484283
14484291
14484294
14484323
14484327
14484333
14484382
14484458
14484535
14484606
14484703
14484736
14484867
14484883
14485021
14485053
14485056
14485072
14485078
14485145
14485154
14485158
14485329
14485782
14485844
14485858
14485874
14486044
14486245
14486281
14486282
14486290
14486306
14486363
14486367
14486375
14486381
14486387
14486406
14486411
14486448
14486454
14486484
14486487
14486601
14486633
14486656
14486662
14486667
14486684
14486693
14486696
14486702
14486707
14486723
14486733
14486735
14486738
14486742
14486747
14486769
14486773
14486878
14486909
14486914
14486924
14486925
14486926
14486933
14486959
14486976
14487071
14487148
14487165
14487168
14487171
14487198
14487244
14487249
14487289
14487360
14487371
14487499
14487526
14487534
14487820
14487881
14487882
14487893
14487919
14487952
14487961
14487968
14487981
14488008
14488031
14488082
14488110
14488141
14488156
14488162
14488200
14488268
14488276
14488282
14488284
14488287
14488374
14488382
14488418
14488432
14488434
14488454
14488466
14488521
14488577
14488633
14488848
14488872
14488951
14489108
14489283
14489404
14489593
14489657
14489717
14489723
14489736
14489738
14489746
14489763
14489768
14489774
14490084
14490242
14490251
14490349
14490374
14490444
14490511
14490579
14490688
14490695
14490949
14490968
14490986
14490992
14491002
14491007
14491012
14491018
14491027
14491035
14491107
14491112
14491121
14491127
14491134
14491148
14491296
14491425
14491469
14491478
14491485
14491496
14491510
14491564
14491632
14491658
14491669
14491672
14491674
14491675
14491680
14491685
14491690
14491694
14491710
14491791
14491885
14491895
14492060
14492100
14492121
14492177
14492181
14492285
14492313
14492336
14492569
14492582
14492590
14492604
14492606
14492663
14492664
14492708
14492730
14492731
14492747
14492889
14492900
14492948
14492972
14492992
14493016
14493133
14493181
14493187
14493215
14493251
14493353
14493387
14493471
14493474
14493480
14493485
14493487
14493493
14493500
14493503
14493617
14493621
14493629
14493631
14493632
14493634
14493639
14493647
14493650
14493651
14493659
14493667
14493676
14493678
14493686
14493689
14493691
14493696
14493705
14493718
14493724
14493731
14493736
14493739
14493756
14493761
14493766
14493769
14493780
14493786
14493789
14493796
14493805
14493811
14493823
14493832
14493874
14493881
14493890
14493947
14493953
14493974
14493979
14493990
14494020
14494033
14494072
14494081
14494190
14494276
14494280
14494293
14494381
14494397
14494404
14494468
14494513
14494682
14494912
14495013
14495023
14495196
14495244
14495286
14495288
14495291
14495339
14495370
14495460
14495470
14495506
14495512
14495546
14495588
14495742
14496082
14496177
14496183
14496186
14496193
14496198
14496206
14496217
14496218
14496231
14496247
14496259
14496270
14496432
14496483
14496544
14496547
14496549
14496597
14496609
14496659
14496740
14496750
14496759
14496852
14496857
14496862
14496898
14496911
14496914
14496938
14496949
14496951
14496969
14496974
14497567
14498169
14498372
14498391
14498465
14498477
14498567
14498577
14498609
14498626
14498641
14498649
14498666
14498699
14498849
14499275
14499302
14499349
14499357
14499383
14499386
14499390
14499460
14499491
14499663
14499694
14499703
14499712
14499718
14499721
14499724
14499733
14499735
14499744
14499752
14499780
14499854
14499866
14499920
14499938
