13990347
13990508
13991513
13991552
13991632
13993912
13997168
13997705
13997727
13998368
14000889
14003694
14007740
14008464
14008520
14008541
14008546
14008555
14008576
14008679
14009734
14010274
14013504
14013538
14013943
14016005
14016428
14019652
14020811
14020834
14021836
14021932
14022654
14022674
14022801
14025727
14026137
14028332
14028426
14028429
14030413
14030870
14032101
14032181
14032815
14032819
14032827
14032830
14032835
14034104
14035857
14035931
14035955
14039178
14039190
14039191
14039981
14044677
14044679
14045193
14045226
14045229
14049736
14049742
14052343
14053999
14054643
14054648
14054980
14057205
14062024
14064604
14065919
14065923
14066597
14067647
14068231
14068266
14068273
14068276
14068435
14068437
14068621
14068624
14073886
14074958
14075263
14076011
14078811
14080373
14082703
14082712
14085426
14087280
14087514
14089223
14090688
14091125
14091177
14093195
14093204
14093223
14095034
14095235
14097674
14098300
14098799
14098890
14099437
14104011
14105815
14112296
14112307
14113414
14114991
14115015
14117703
14117754
14124039
14124041
14124062
14124835
14125278
14126466
14126468
14126522
14126524
14127055
14127063
14128925
14130943
14130958
14130973
14130990
14131090
14131099
14131109
14131112
14131118
14131125
14132828
14132928
14133001
14133672
14137058
14137325
14138277
14138323
14138815
14139264
14139501
14140057
14140060
14140400
14140422
14142634
14142818
14142884
14142896
14142905
14143480
14143783
14143784
14144737
14144903
14144909
14144914
14144919
14144943
14146104
14146156
14146339
14147545
14150345
14151973
14152053
14152188
14152207
14152213
14152504
14152609
14152616
14152655
14152698
14152822
14152878
14154436
14154679
14156450
14156652
14156670
14156716
14156929
14157399
14157414
14157676
14157809
14158021
14158024
14158127
14158156
14158595
14158606
14158702
14158704
14158710
14158737
14159053
14159078
14159094
14159778
14160849
14161610
14162339
14162936
14163210
14164402
14164528
14165595
14165873
14166332
14166334
14166567
14166713
14167029
14167030
14167270
14168106
14169071
14169079
14169195
14171143
14171176
14171232
14171389
14171395
14171515
14171524
14171688
14171789
14171791
14172141
14173290
14176259
14176550
14176555
14177723
14177768
14177845
14177848
14177850
14177861
14177883
14180459
14181592
14181597
14183384
14183421
14183514
14183741
14183779
14183795
14186427
14188069
14189799
14189809
14189919
14189965
14189984
14189989
14190055
14190062
14190108
14190232
14191474
14191671
14192154
14192330
14192813
14192849
14192861
14195367
14195624
14195659
14196773
14196838
14196906
14196910
14197274
14197422
14201315
14203487
14203493
14203500
14203571
14203577
14203744
14203770
14203916
14204283
14204289
14204588
14204799
14204809
14205141
14205332
14205677
14206293
14208007
14208061
14208091
14208150
14208189
14208192
14208563
14209400
14211327
14211662
14213388
14214613
14215405
14215406
14216494
14216663
14217693
14218367
14219651
14223746
14223751
14223838
14224875
14224882
14224916
14224929
14225564
14230451
14230968
14231642
14233862
14234308
14234313
14236989
14236999
14237002
14237342
14237855
14237881
14241822
14244725
14245804
14246930
14248886
14248937
14248950
14248960
14248967
14248968
14248969
14248988
14249098
14249114
14249126
14249487
14250220
14250276
14250283
14252361
14252564
14252786
14252815
14253129
14253137
14253699
14253929
14254485
14255252
14255574
14255579
14255882
14256172
14256222
14257793
14258166
14258169
14259851
14260048
14260162
14260294
14260311
14260445
14260762
14261202
14262140
14262402
14264096
14264452
14265382
14266144
14266179
14266183
14266190
14266197
14266199
14266296
14266297
14266299
14266300
14266305
14266313
14266316
14267099
14267531
14268026
14268129
14268360
14269723
14270972
14273427
14274229
14274232
14275084
14275088
14275109
14275156
14276540
14276542
14276651
14277225
14278328
14278632
14278634
14279641
14280117
14280119
14280123
14280645
14281468
14281474
14284108
14284109
14285890
14285901
14286318
14286693
14286702
14286713
14286749
14286752
14287724
14288368
14294595
14294691
14294864
14295291
14295352
14296485
14296493
14296702
14298301
14298347
14298367
14298401
14298428
14298432
14298449
14298451
14298461
14298467
14298484
14298490
14298493
14298494
14298748
14298969
14299134
14299853
14300193
14300212
14300317
14300332
14300433
14302354
14303244
14305349
14305526
14306234
14306328
14311919
14312158
14312975
14313573
14316672
14316787
14317071
14317073
14317988
14318290
14318541
14320319
14320840
14320844
14322106
14322144
14322158
14322245
14322251
14322252
14322257
14322288
14322344
14322357
14322377
14322386
14322395
14322423
14322436
14323055
14323056
14323223
14323492
14323753
14324585
14324668
14324915
14328147
14329473
14329481
14330448
14330449
14332507
14333304
14333308
14333381
14333382
14333444
14333631
14333649
14333660
14335361
14335454
14335629
14336471
14336902
14337544
14337748
14338161
14338189
14339499
14339543
14340010
14340034
14340071
14340081
14340139
14340165
14340231
14340548
14340553
14341669
14342744
14342749
14343675
14343850
14344307
14344350
14344358
14344367
14344376
14344383
14344390
14344871
14344978
14344990
14345021
14345147
14345158
14345185
14345214
14345381
14345400
14345408
14345446
14345625
14346306
14346758
14347277
14347334
14347458
14347724
14347931
14350240
14350255
14350304
14350437
14351846
14351867
14353566
14353589
14353596
14354807
14355002
14355015
14355018
14355037
14355045
14356043
14356102
14356109
14356146
14357720
14358089
14358641
14358664
14358746
14358774
14358777
14359465
14359761
14359762
14359771
14359778
14359936
14360904
14361396
14361599
14361609
14361637
14361669
14361774
14361814
14361836
14362539
14362558
14362829
14362843
14362884
14362887
14362905
14362912
14362987
14363634
14363643
14363750
14363768
14363971
14364117
14364120
14364417
14364432
14364732
14364735
14364745
14364795
14365224
14365547
14365553
14366704
14366850
14367089
14367090
14367136
14367137
14367162
14367223
14367224
14367341
14367417
14367440
14367699
14367700
14367701
14367729
14367754
14367767
14367842
14369102
14369270
14369434
14370987
14371031
14371155
14371160
14371723
14371731
14371888
14371899
14372191
14372379
14372453
14372505
14372549
14372592
14372602
14372705
14373370
14373500
14373639
14373855
14373863
14373874
14373875
14373882
14373899
14373905
14373906
14373912
14373916
14373918
14373921
14373926
14373935
14373945
14373948
14373956
14373960
14373967
14373971
14373977
14373991
14374255
14374520
14374525
14374537
14374582
14374601
14374722
14375358
14375994
14377160
14377173
14377284
14378055
14378495
14378506
14378509
14378544
14378568
14378574
14378578
14378613
14378615
14378619
14378704
14378775
14378820
14378842
14378861
14378879
14378917
14378943
14379027
14379092
14379143
14379235
14381127
14381147
14381338
14381380
14382136
14382800
14382893
14383479
14383484
14384024
14384263
14384283
14384450
14384531
14384573
14384586
14384949
14385046
14386276
14386285
14386400
14386490
14386608
14386645
14386761
14386763
14387274
14387277
14387482
14387729
14387742
14387858
14387887
14387898
14387900
14387901
14387903
14387948
14387951
14387975
14387988
14388050
14388088
14388886
14388890
14389507
14389532
14389671
14389887
14390497
14390498
14390892
14390900
14390908
14390921
14390926
14390935
14390941
14390955
14390960
14391135
14391141
14391429
14391451
14391881
14393427
14393501
14396048
14399082
14399955
14400222
14401439
14401448
14401967
14401997
14402002
14402922
14402926
14402930
14402934
14402940
14403317
14403330
14403559
14403772
14403806
14403972
14404963
14405470
14405553
14405852
14406363
14406861
14407051
14409568
14410395
14411542
14412108
14412199
14412347
14412656
14413799
14413831
14413836
14413887
14413901
14414171
14414344
14414351
14415174
14416237
14416546
14416595
14416599
14416919
14417243
14417244
14417667
14418562
14419069
14419133
14419137
14420426
14420463
14420466
14420633
14420903
14420924
14421487
14421720
14421865
14421871
14422404
14422652
14422660
14423897
14423988
14424770
14426540
14427738
14428393
14428576
14428846
14429102
14429989
14430600
14430607
14430695
14430703
14430722
14431034
14431713
14431769
14431772
14431773
14433300
14434831
14434852
14435122
14435131
14435568
14435878
14435884
14437396
14437794
14437795
14437827
14437845
14437864
14438296
14438381
14438384
14438489
14438725
14439047
14440798
14444758
14445011
14445022
14446517
14446585
14447221
14447908
14448529
14448534
14448656
14450389
14450953
14451031
14451115
14451313
14451430
14454737
14455389
14455788
14456332
14456597
14456907
14457125
14457133
14457148
14458574
14458576
14459826
14463655
14463747
14465053
14466637
14467032
14467989
14468914
14469114
14469207
14469401
14469723
14469802
14469810
14472311
14472401
14474341
14474803
14474973
14475589
14478227
14479411
14479955
14480519
14482751
14482759
14487681
14487882
14490284
14490554
14491101
14491103
14491782
14491885
14491944
14493368
14495000
14496676
14496711
14496743
14497136
14498000
14499461
