14473148
14473155
14473179
14473189
14473233
14473234
14473265
14473266
14473273
14473301
14473305
14473421
14473456
14473463
14473467
14473495
14473538
14473545
14473561
14473569
14473580
14473656
14473806
14473889
14473902
14473909
14473917
14473924
14473943
14473945
14473958
14473963
14473969
14473970
14473979
14473980
14473982
14473984
14473986
14473987
14474037
14474039
14474042
14474065
14474066
14474080
14474114
14474115
14474117
14474129
14474133
14474134
14474135
14474138
14474146
14474150
14474152
14474162
14474186
14474187
14474193
14474196
14474199
14474210
14474213
14474217
14474219
14474223
14474226
14474230
14474238
14474276
14474294
14474303
14474313
14474319
14474362
14474394
14474424
14474446
14474451
14474454
14474473
14474511
14474559
14474569
14474600
14474711
14474723
14474741
14474768
14474794
14474805
14474810
14474904
14474954
14474959
14474962
14474969
14475019
14475030
14475035
14475037
14475039
14475041
14475042
14475043
14475045
14475046
14475049
14475050
14475055
14475065
14475072
14475074
14475078
14475129
14475190
14475241
14475290
14475310
14475331
14475346
14475347
14475353
14475376
14475382
14475396
14475468
14475479
14475480
14475491
14475570
14475576
14475577
14475581
14475582
14475583
14475588
14475594
14475609
14475610
14475633
14475638
14475693
14475698
14475701
14475848
14475855
14475910
14475923
14476104
14476121
14476148
14476173
14476181
14476192
14476200
14476201
14476210
14476250
14476269
14476272
14476277
14476356
14476367
14476371
14476408
14476410
14476450
14476456
14476460
14476475
14476506
14476519
14476540
14476543
14476545
14476585
14476586
14476594
14476603
14476634
14476659
14476699
14476728
14476731
14476819
14476839
14476924
14477026
14477044
14477133
14477198
14477244
14477245
14477258
14477322
14477393
14477462
14477471
14477501
14477565
14477586
14477587
14477588
14477593
14477595
14477596
14477604
14477605
14477610
14477612
14477635
14477669
14477738
14477739
14477740
14477741
14477742
14477743
14477745
14477746
14477747
14477748
14477779
14477788
14477790
14477795
14477873
14477897
14477902
14478058
14478234
14478236
14478243
14478245
14478246
14478250
14478255
14478257
14478258
14478261
14478286
14478302
14478345
14478365
14478367
14478374
14478379
14478393
14478394
14478405
14478419
14478423
14478449
14478473
14478511
14478529
14478532
14478546
14478551
14478586
14478693
14478759
14478864
14478905
14478945
14478959
14478962
14479029
14479121
14479223
14479290
14479293
14479295
14479298
14479300
14479320
14479325
14479338
14479345
14479369
14479371
14479389
14479394
14479415
14479424
14479426
14479483
14479559
14479566
14479602
14479642
14479661
14479682
14479704
14479756
14479791
14479815
14479838
14479843
14479862
14479863
14479872
14479873
14479874
14479911
14479912
14479921
14479929
14479965
14479981
14480018
14480055
14480069
14480083
14480099
14480100
14480101
14480103
14480107
14480125
14480242
14480250
14480258
14480262
14480279
14480322
14480454
14480460
14480500
14480508
14480510
14480514
14480602
14480649
14480741
14480744
14480833
14480865
14480891
14480900
14480903
14480905
14480906
14480907
14480908
14480909
14480910
14480915
14480918
14480919
14480921
14480924
14480931
14480937
14480942
14481009
14481034
14481153
14481158
14481178
14481183
14481198
14481199
14481201
14481202
14481216
14481217
14481222
14481223
14481234
14481235
14481236
14481238
14481240
14481258
14481322
14481323
14481332
14481333
14481352
14481353
14481366
14481415
14481418
14481420
14481421
14481422
14481423
14481425
14481428
14481429
14481435
14481441
14481444
14481445
14481446
14481449
14481450
14481452
14481454
14481455
14481456
14481457
14481464
14481477
14481478
14481481
14481483
14481580
14481593
14481611
14481613
14481618
14481655
14481802
14481803
14481813
14481821
14481853
14481891
14481979
14481980
14481983
14481984
14481985
14481986
14481987
14481990
14482023
14482033
14482100
14482103
14482112
14482113
14482117
14482148
14482151
14482153
14482154
14482155
14482176
14482178
14482182
14482184
14482186
14482197
14482200
14482203
14482204
14482207
14482391
14482397
14482436
14482464
14482617
14482702
14482708
14482713
14482738
14482741
14482768
14482775
14482797
14482799
14482830
14482836
14482846
14482874
14482893
14482944
14482963
14482989
14483022
14483037
14483050
14483064
14483102
14483111
14483168
14483208
14483284
14483372
14483407
14483413
14483429
14483470
14483546
14483592
14483595
14483602
14483603
14483605
14483607
14483620
14483622
14483623
14483626
14483627
14483633
14483655
14483815
14483832
14483836
14483837
14483907
14483956
14484012
14484029
14484159
14484196
14484290
14484457
14484472
14484572
14484588
14484602
14484686
14484693
14484694
14484696
14484698
14484700
14484701
14484721
14484788
14484840
14484876
14484887
14484902
14484916
14484997
14485063
14485068
14485085
14485134
14485145
14485146
14485293
14485300
14485356
14485359
14485445
14485490
14485682
14485772
14485792
14485814
14485815
14485817
14485840
14485841
14485842
14485843
14485844
14485846
14485855
14485858
14485863
14485874
14485881
14485968
14486050
14486052
14486152
14486197
14486438
14486488
14486493
14486563
14486594
14486628
14486650
14486663
14486723
14486756
14486762
14486839
14486875
14486876
14486935
14487095
14487165
14487168
14487265
14487267
14487280
14487306
14487319
14487322
14487349
14487367
14487389
14487511
14487544
14487546
14487552
14487553
14487566
14487571
14487636
14487653
14487655
14487692
14487703
14487704
14487802
14487820
14487897
14487903
14487917
14487931
14487932
14487967
14487968
14487969
14487971
14487972
14487988
14487989
14487995
14488058
14488148
14488157
14488196
14488197
14488199
14488200
14488203
14488219
14488239
14488256
14488261
14488277
14488284
14488407
14488447
14488546
14488552
14488578
14488579
14488605
14488606
14488617
14488649
14488651
14488674
14488678
14488691
14488693
14488954
14488957
14488973
14488975
14489025
14489028
14489034
14489035
14489036
14489037
14489038
14489055
14489059
14489074
14489157
14489205
14489238
14489388
14489495
14489580
14489615
14489646
14489686
14489700
14489845
14489851
14490206
14490232
14490256
14490310
14490467
14490472
14490476
14490546
14490583
14490602
14490604
14490607
14490617
14490713
14490796
14490917
14490941
14491154
14491202
14491228
14491235
14491242
14491317
14491329
14491376
14491378
14491381
14491382
14491531
14491533
14491682
14491696
14491702
14491711
14491719
14491722
14491757
14491773
14492071
14492184
14492188
14492223
14492235
14492263
14492372
14492465
14492543
14492549
14492568
14492610
14492674
14492686
14492695
14492708
14492710
14492721
14492725
14492738
14492743
14492750
14492780
14492781
14492847
14492988
14493069
14493191
14493281
14493357
14493432
14493439
14493450
14493460
14493464
14493721
14493741
14493749
14493889
14493905
14493917
14493957
14493965
14493966
14493967
14493968
14493970
14493971
14493972
14493979
14493989
14493990
14494076
14494110
14494149
14494206
14494302
14494303
14494335
14494367
14494368
14494369
14494370
14494372
14494375
14494378
14494379
14494380
14494411
14494470
14494481
14494489
14494490
14494506
14494632
14494633
14494691
14494697
14494839
14494847
14494852
14494936
14494937
14494939
14494952
14494969
14494979
14495015
14495026
14495030
14495034
14495044
14495045
14495056
14495060
14495074
14495096
14495106
14495129
14495136
14495144
14495165
14495166
14495179
14495182
14495183
14495188
14495190
14495310
14495401
14495418
14495446
14495449
14495459
14495475
14495521
14495522
14495524
14495528
14495529
14495530
14495539
14495546
14495557
14495583
14495586
14495600
14495758
14495761
14495769
14495776
14495800
14495906
14495913
14495929
14495931
14495935
14496058
14496098
14496100
14496136
14496211
14496237
14496241
14496273
14496360
14496392
14496406
14496428
14496657
14496659
14496674
14496682
14496827
14496951
14496966
14496968
14496975
14496977
14496994
14497019
14497176
14497234
14497313
14497401
14497403
14497423
14497444
14497456
14497464
14497481
14497501
14497503
14497511
14497515
14497521
14497536
14497545
14497546
14497547
14497548
14497550
14497654
14497665
14497667
14497668
14497670
14497672
14497680
14497681
14497690
14497698
14497722
14497729
14497730
14497747
14497767
14497786
14497788
14497791
14497793
14497794
14497795
14497796
14497807
14497810
14497812
14497813
14497814
14497822
14497829
14497830
14497850
14498006
14498046
14498178
14498284
14498367
14498530
14498612
14498666
14498673
14498701
14498708
14498737
14498763
14498786
14498788
14498861
14498874
14498892
14498895
14498901
14498907
14498928
14498930
14498950
14498958
14498961
14498976
14499074
14499087
14499113
14499117
14499118
14499145
14499171
14499174
14499192
14499261
14499268
14499269
14499271
14499274
14499278
14499293
14499354
14499359
14499361
14499465
14499491
14499506
14499564
14499566
14499581
14499585
14499632
14499636
14499651
14499717
14499738
14499752
14499767
14499775
14499795
14499808
14499810
14499885
14499889
14499913
14499917
14499921
14499973
14499980
