13389429
13389881
13391098
13391112
13392702
13392978
13393330
13395408
13398042
13398173
13399044
13400431
13400501
13402523
13402526
13403613
13403660
13403752
13404386
13404400
13406657
13408015
13410110
13410181
13410191
13416626
13418181
13419396
13421110
13421130
13421734
13422038
13423547
13424860
13424940
13425242
13426150
13426480
13426528
13426692
13427437
13428448
13429085
13430079
13431346
13431551
13432470
13433358
13434623
13435276
13435432
13435696
13435760
13435766
13435999
13436036
13436048
13436078
13436390
13436406
13436648
13436963
13438515
13438868
13440880
13440896
13443167
13443387
13444096
13444130
13445521
13446993
13447253
13447891
13448198
13450042
13450526
13450543
13450669
13450782
13450820
13451829
13451904
13452332
13454026
13454118
13454308
13454332
13454573
13454827
13454923
13454993
13455220
13455232
13455242
13455253
13456457
13456478
13456489
13456513
13456666
13457030
13457084
13458797
13459634
13459655
13459827
13460869
13461818
13461915
13463757
13464184
13464711
13465096
13466020
13466122
13466157
13466379
13468142
13468255
13468786
13469194
13470034
13470339
13470544
13472271
13472452
13472554
13472854
13472865
13473051
13473172
13473355
13473563
13474268
13475098
13475732
13475932
13479057
13479174
13479277
13479416
13479541
13480214
13480683
13481515
13483031
13483099
13484298
13484849
13485008
13485683
13486017
13486043
13486080
13486728
13487205
13488098
13489734
13489863
13489868
13490147
13490229
13490830
13491008
13492458
13492510
13492956
13492972
13493335
13493898
13494011
13494215
13496033
13496035
13498045
13499139
13499821
13499833
13499849
13500907
13501334
13503066
13503196
13504233
13504361
13505033
13505283
13505392
13505788
13506357
13506540
13506592
13506597
13506761
13507679
13509018
13509378
13509502
13509621
13509644
13511575
13512138
13512346
13513547
13514236
13518507
13518685
13519269
13520410
13520594
13521876
13521935
13522346
13522485
13523659
13524150
13524813
13525968
13525977
13526945
13528277
13528713
13529485
13530278
13530993
13531804
13533534
13533559
13533981
13534563
13535326
13535539
13536617
13538317
13538626
13538923
13539029
13539090
13539375
13539399
13539423
13539542
13540033
13543367
13546043
13546619
13548870
13549056
13552155
13552172
13553036
13553569
13554682
13556453
13558067
13561038
13561079
13561601
13562163
13562186
13563794
13564649
13566181
13567462
13567841
13568696
13569127
13570230
13570654
13570730
13571114
13571347
13571625
13573262
13573653
13574177
13574458
13574567
13575571
13575596
13577489
13577718
13577952
13577964
13578212
13578324
13579799
13581325
13581428
13582030
13582998
13583135
13583519
13585472
13586148
13588351
13590527
13590705
13593252
13593393
13594130
13596711
13598458
13599395
13599897
13600022
13602548
13604559
13607580
13608473
13612959
13613181
13613309
13613751
13614969
13616389
13618153
13618799
13621184
13622625
13622685
13624992
13626586
13627375
13628583
13628627
13628689
13629044
13629487
13630252
13631009
13631072
13633169
13634395
13635193
13635224
13639960
13639977
13640533
13640550
13641369
13641877
13642268
13642501
13642561
13651072
13651403
13651423
13651906
13652982
13653018
13653739
13654325
13655001
13655217
13658567
13658828
13662181
13662213
13662257
13663962
13664591
13665382
13666334
13666442
13668793
13672105
13672132
13673372
13673383
13673386
13673389
13673391
13674548
13674861
13676573
13677234
13677238
13677988
13678667
13678673
13680166
13680256
13681536
13682104
13684122
13684350
13684540
13684704
13684769
13685145
13685207
13685235
13685297
13685816
13686848
13686952
13686968
13686984
13687058
13687108
13687510
13688497
13688638
13688741
13689218
13689424
13689437
13689748
13689758
13689770
13689792
13689805
13689820
13689828
13690057
13690299
13690896
13691058
13691183
13692997
13694181
13695318
13695948
13696673
13696699
13696932
13696940
13696948
13697000
13697758
13698170
13698817
13699555
13700291
13700469
13701195
13702898
13703747
13703830
13705394
13705521
13707424
13707679
13708343
13713475
13715509
13715653
13716324
13716475
13719796
13723727
13723787
13724081
13726808
13727043
13727450
13728671
13729021
13734595
13735111
13735349
13735846
13736218
13737549
13737959
13738339
13741090
13742150
13742234
13742791
13743271
13745259
13745926
13746136
13746192
13746214
13749365
13750541
13750742
13751027
13751884
13752017
13752673
13755931
13757155
13757712
13759454
13763314
13763646
13764797
13770670
13770814
13773294
13774979
13776497
13776586
13776884
13780230
13780931
13781529
13781543
13782106
13782424
13782444
13782488
13782845
13787517
13788962
13788983
13790250
13790562
13790787
13791440
13793192
13793563
13795683
13796633
13798797
13799014
13799078
13799109
13799485
13801717
13804402
13805330
13805469
13805859
13809307
13810060
13810370
13810655
13814981
13815170
13815486
13815980
13818909
13818928
13819728
13820424
13820647
13820755
13821943
13826007
13828962
13829758
13830416
13832491
13832936
13833615
13833757
13834427
13834702
13837358
13837982
13838015
13838073
13838489
13838495
13838507
13840684
13841396
13843346
13847988
13851441
13855229
13855254
13867144
13867157
13867215
13867262
13869440
13872567
13874132
13881355
13883273
13887222
13893527
13895260
13896546
13899026
13900135
13911049
13911447
13913549
13915588
13915821
13920459
13925217
13930448
13930779
13932950
13934589
13936010
13936521
13937196
13942609
13942699
13942835
13948120
13949885
13952089
13952187
13953069
13953650
13953672
13953735
13956087
13956966
13957047
13961006
13970533
13973042
13983422
13985461
13989316
13991380
13991808
13996226
14003471
14003476
14003560
14003573
14003789
14007818
14014404
14014713
14015993
14019566
14022175
14022538
14022894
14023647
14026525
14027841
14030378
14034017
14034198
14040583
14047393
14047409
14048203
14048216
14050868
14051390
14052047
14052324
14052624
14054230
14054236
14054834
14055436
14056378
14059503
14059847
14062347
14068685
14068743
14069780
14071568
14073074
14073576
14077006
14082369
14083644
14086107
14088149
14088331
14090225
14090274
14091537
14092137
14092739
14094991
14095339
14095799
14095845
14098032
14101029
14103620
14105584
14106122
14106126
14106144
14106296
14109184
14112474
14112486
14112523
14115330
14115499
14116927
14119057
14120189
14126391
14129416
14129461
14130146
14137040
14138649
14139985
14140939
14141217
14143601
14144579
14145757
14150687
14151488
14152796
14156555
14156926
14158116
14162829
14164436
14165330
14165784
14165812
14165837
14168222
14170916
14170928
14171681
14172981
14175493
14175708
14176988
14177993
14181484
14181825
14181836
14182626
14184527
14187312
14190275
14192378
14192525
14194418
14194518
14197493
14198890
14198922
14200556
14201447
14201452
14201903
14203318
14203354
14203359
14203364
14203376
14203493
14203511
14204018
14204075
14204205
14204263
14204301
14207324
14207891
14208439
14208508
14208604
14215544
14216655
14217668
14218257
14220491
14220742
14222210
14222681
14223335
14224293
14224780
14225687
14227508
14227634
14227909
14228407
14233136
14234618
14234624
14234672
14236571
14241798
14242084
14244291
14244370
14244761
14246144
14247265
14253343
14253354
14254493
14254888
14255284
14264211
14265789
14266642
14266765
14270787
14271197
14272385
14272738
14274123
14274133
14274194
14274214
14274847
14275377
14275859
14276421
14276545
14277160
14278321
14278823
14279862
14280151
14281783
14284140
14284711
14286412
14287428
14287692
14288489
14289805
14290023
14294241
14294389
14294521
14296388
14298288
14304441
14304453
14305412
14309075
14309388
14309779
14309795
14311681
14312605
14317202
14319657
14319801
14320741
14320742
14322462
14322708
14323451
14323460
14325718
14325734
14327269
14328703
14331944
14332428
14334751
14337946
14338868
14339044
14340466
14340560
14340615
14340875
14345716
14346152
14346159
14350214
14350227
14350580
14351435
14352546
14353718
14355568
14356470
14357445
14358244
14358683
14358777
14358796
14359433
14361801
14364326
14365319
14369515
14369635
14370283
14370542
14370969
14370979
14371076
14371151
14371298
14371384
14371396
14371710
14372917
14372948
14376521
14376666
14377701
14378551
14378566
14384473
14384485
14387892
14392864
14393361
14393375
14394999
14396204
14396529
14398578
14403550
14403684
14404741
14404749
14405258
14409483
14409861
14409870
14409916
14416625
14421968
14422243
14422262
14422525
14423252
14423340
14424548
14424991
14429138
14429518
14430308
14430744
14433139
14433254
14433263
14433739
14433971
14434051
14435130
14435932
14436213
14436215
14436240
14436703
14442260
14443658
14443807
14448599
14449980
14450030
14453406
14454335
14454858
14456303
14458685
14458782
14460042
14460820
14462078
14463170
14463622
14463951
14466009
14466286
14468761
14473271
14474324
14474430
14474651
14474690
14476268
14478488
14484817
14486925
14488369
14488549
14490948
14491334
14491520
14494160
14494789
14494828
14494853
14494885
14494895
14494948
14495179
14495409
14495616
14495651
14495669
14495694
14495713
14497750
14498073
14499630
14499686
