14444881
14444906
14445578
14445598
14445911
14446020
14446068
14446153
14446163
14446186
14446196
14446203
14446228
14446256
14446263
14446266
14446270
14446559
14446566
14446611
14446615
14446783
14446789
14447122
14447168
14447181
14447182
14447211
14447223
14447224
14447254
14447294
14447303
14447309
14447321
14447443
14447463
14447465
14447483
14447509
14447561
14447603
14447626
14447627
14447729
14447808
14447810
14447829
14447834
14447840
14447865
14447869
14447871
14447872
14447905
14447998
14448004
14448025
14448117
14448159
14448229
14448256
14448337
14448343
14448360
14448418
14448467
14448471
14448572
14448602
14448610
14448632
14448670
14448675
14448710
14448729
14448735
14448741
14448753
14448779
14448790
14448795
14448821
14448826
14448841
14448848
14448874
14448888
14448896
14448899
14448951
14448992
14448996
14449293
14449340
14449345
14449426
14449435
14449438
14449440
14449466
14449471
14449473
14449488
14449500
14449557
14449561
14449564
14449629
14449647
14449655
14449757
14449815
14449819
14449820
14449827
14449833
14449873
14449875
14449912
14449915
14449917
14449922
14449934
14449962
14450309
14450422
14450427
14450432
14450605
14450615
14451843
14452241
14452282
14452289
14452298
14452304
14452314
14452317
14452332
14452420
14452446
14452654
14452656
14452660
14452788
14452970
14453092
14453110
14453465
14454013
14454080
14454088
14454119
14454127
14454150
14454210
14454243
14454262
14454281
14454295
14454328
14454345
14454359
14454360
14454375
14454387
14454390
14454395
14454428
14454450
14454459
14454523
14454528
14454597
14454655
14454659
14454721
14454744
14454751
14454759
14454762
14454767
14454776
14454785
14454819
14454838
14454881
14454952
14454955
14454965
14454967
14454973
14454975
14454977
14454999
14455005
14455053
14455066
14455106
14455134
14455172
14455197
14455204
14455217
14455222
14455226
14455227
14455229
14455230
14455233
14455239
14455247
14455249
14455250
14455251
14455256
14455278
14455308
14455311
14455312
14455319
14455323
14455357
14455416
14455474
14455480
14455541
14455620
14455644
14455655
14455690
14455693
14455701
14455720
14455823
14455876
14455880
14455950
14455971
14455981
14456085
14456167
14456190
14456197
14456204
14456239
14456357
14456381
14456394
14456396
14456399
14456401
14456536
14456540
14456756
14456768
14457116
14457490
14457507
14457618
14458164
14458621
14458642
14458696
14459539
14459558
14459644
14459686
14459702
14459705
14459743
14459756
14459960
14460018
14460022
14460120
14460127
14460132
14460145
14460150
14461063
14461073
14461085
14461089
14461139
14461141
14461161
14461185
14461205
14461258
14461269
14461403
14461441
14461477
14461563
14461572
14461574
14461580
14461597
14461604
14461631
14461670
14461700
14461708
14461714
14461719
14461854
14462072
14462093
14462097
14462190
14462194
14462203
14462213
14462216
14462218
14462230
14462237
14462250
14462257
14462265
14462281
14462334
14462360
14462380
14462386
14462483
14462487
14462542
14462578
14462607
14462614
14462628
14462715
14462755
14462847
14463077
14463080
14463125
14463586
14463587
14463604
14463630
14463729
14463741
14463743
14463811
14463938
14463997
14464006
14464072
14464088
14464216
14464227
14464253
14464259
14464266
14464293
14464311
14464378
14464384
14464386
14464393
14464471
14464488
14464497
14464529
14464552
14464720
14464745
14464747
14464754
14464768
14465140
14465170
14465426
14465787
14465854
14465893
14466032
14466086
14466136
14466158
14466175
14466379
14466383
14466385
14466591
14466703
14466727
14466786
14466864
14467061
14467141
14467168
14467170
14467172
14467181
14467210
14467217
14467271
14467283
14467305
14467314
14467459
14467461
14467464
14467535
14467584
14467588
14467602
14467622
14467630
14467645
14467662
14467666
14467668
14467694
14467708
14467719
14467722
14467732
14467749
14467761
14467831
14467889
14467891
14467895
14467898
14467900
14467913
14467931
14468159
14468163
14468165
14468237
14468252
14468261
14468270
14468273
14468295
14468297
14468299
14468307
14468324
14468410
14468421
14468471
14468576
14468793
14468815
14468825
14468830
14468885
14468889
14468907
14468911
14469052
14469074
14469078
14469081
14469139
14469221
14469226
14469229
14469270
14469272
14469277
14469377
14469380
14469399
14469423
14469427
14469430
14469435
14469450
14469455
14469580
14469625
14469632
14469641
14469683
14469690
14469696
14469724
14469820
14469829
14469832
14469866
14469868
14469872
14469877
14469882
14469983
14469995
14470002
14470010
14470030
14470116
14470138
14470140
14470147
14470151
14470213
14470339
14470341
14470344
14470603
14470651
14470687
14470723
14470724
14470728
14470879
14470885
14470924
14470927
14470931
14470932
14470960
14470961
14470962
14470966
14471153
14471261
14471265
14471268
14471272
14471322
14471335
14471338
14471362
14471506
14471510
14471560
14471567
14471582
14471585
14471708
14471751
14472103
14472112
14472634
14472671
14472784
14472818
14472835
14472846
14472857
14472861
14472870
14472873
14472885
14472886
14472952
14473138
14473160
14473168
14473177
14473190
14473202
14473213
14473220
14473229
14473236
14473433
14473456
14473463
14473469
14473481
14473602
14473614
14473638
14473677
14473682
14473685
14473690
14474014
14474025
14474030
14474070
14474114
14474120
14474129
14474133
14474230
14474307
14474321
14474382
14474415
14474453
14474481
14474486
14474526
14474577
14474603
14474609
14474621
14474655
14474722
14474759
14474786
14474803
14474807
14474817
14474836
14475011
14475021
14475285
14475290
14476173
14476181
14476240
14476253
14476412
14476475
14476483
14476493
14476500
14476769
14476771
14476871
14477053
14477085
14477092
14477102
14477279
14477286
14477295
14477306
14477474
14477484
14477717
14477921
14477946
14477973
14478025
14478604
14478611
14478623
14478636
14478944
14478945
14478991
14479005
14479175
14479308
14479350
14479359
14479361
14479426
14479497
14479501
14479581
14479583
14479843
14479848
14479852
14479855
14479889
14479899
14479924
14479964
14480096
14480115
14480143
14480147
14480307
14480329
14480351
14480365
14480445
14480449
14480454
14480477
14480529
14480575
14480578
14480604
14480612
14480855
14480861
14481347
14481425
14481472
14481485
14481487
14481904
14481913
14481916
14481920
14481984
14481994
14482206
14482298
14482304
14482325
14482349
14482398
14482406
14482509
14482526
14482534
14482673
14482702
14482703
14482816
14482845
14483063
14483112
14483115
14483133
14483137
14483163
14483165
14483679
14483739
14483922
14483960
14484015
14484050
14484053
14484133
14484136
14484148
14484324
14484328
14484337
14484339
14484355
14484381
14484385
14484692
14484709
14484712
14484802
14484833
14484992
14485059
14485061
14485074
14485123
14485385
14485394
14485445
14485463
14485469
14485471
14485565
14485590
14485608
14485630
14485695
14485704
14486155
14486157
14486453
14486483
14486668
14486812
14486844
14486929
14486933
14486964
14486965
14487006
14487068
14487072
14487081
14487263
14487265
14487300
14487310
14487314
14487385
14487391
14487402
14487451
14487545
14487554
14487565
14487574
14487577
14487578
14487586
14487600
14487602
14487606
14487824
14487893
14488009
14488012
14488124
14488130
14488143
14488151
14488256
14488258
14488295
14488302
14488342
14488389
14488434
14488668
14488675
14488684
14488858
14488868
14488877
14488878
14488944
14489095
14489104
14489106
14489126
14489256
14489266
14489345
14489349
14489438
14489472
14489580
14489591
14489601
14489624
14489760
14489882
14489894
14489929
14489951
14489955
14489961
14489974
14489978
14490020
14490240
14490319
14490339
14490789
14490799
14491079
14491111
14491714
14491830
14491948
14492050
14492065
14492090
14492102
14492159
14492160
14492349
14492373
14492486
14492516
14492598
14492611
14492619
14492622
14492634
14492649
14492656
14492667
14492670
14492719
14492731
14492760
14492762
14492765
14492785
14492849
14492889
14492917
14492935
14492937
14493271
14493272
14493327
14493335
14493393
14493408
14493564
14493598
14493603
14493690
14493709
14493710
14493712
14493721
14493737
14493741
14493793
14493808
14493832
14493899
14493921
14493947
14493979
14494052
14494131
14494206
14494217
14494231
14494284
14494285
14494312
14494322
14494324
14494429
14494436
14494472
14494482
14494503
14494521
14494563
14494565
14494585
14494590
14494595
14494662
14494756
14494789
14494795
14494930
14494936
14494939
14494940
14494972
14494998
14495001
14495010
14495015
14495058
14495061
14495073
14495119
14495126
14495195
14495234
14495404
14495406
14495412
14495427
14495433
14495652
14495655
14495665
14496136
14496148
14496154
14496209
14496231
14496236
14496295
14496304
14496434
14496435
14496616
14496621
14496734
14497019
14497392
14497455
14498440
14498456
14498468
14498473
14498474
14498567
14498605
14499036
14499042
14499068
14499113
14499126
14499157
14499182
14499209
14499351
14499448
14499520
14499526
14499531
14499537
14499632
14499633
14499655
14499660
14499667
14499704
14499770
14499788
14499924
14499932
14499940
14499959
14499982
14499986
14499994
