14395955
14395995
14396048
14396143
14396236
14396327
14396331
14396343
14396393
14396467
14396553
14396632
14396771
14396797
14396802
14396846
14396849
14396924
14396961
14397073
14397075
14397109
14397114
14397115
14397130
14397136
14397145
14397151
14397156
14397218
14397398
14397420
14397462
14397506
14397641
14397942
14397987
14398006
14398292
14398418
14398759
14398877
14398903
14398996
14399082
14399289
14399528
14399560
14399675
14399753
14400116
14400118
14400128
14400130
14400178
14400483
14401011
14401033
14401179
14401249
14401369
14401419
14401478
14401606
14401661
14401684
14401687
14401713
14401888
14401936
14402006
14402050
14402344
14402380
14402433
14402505
14402524
14402607
14402678
14402680
14402693
14402751
14402761
14402818
14402862
14402951
14402956
14402966
14403179
14403207
14403265
14403297
14403325
14403462
14403579
14403580
14403675
14403719
14403727
14403794
14403797
14403838
14403887
14403967
14403975
14403982
14404032
14404082
14404261
14404274
14404291
14404310
14404389
14404431
14404524
14404551
14404563
14404738
14404955
14405122
14405297
14405323
14405407
14405467
14405555
14405611
14405641
14405987
14406410
14406518
14406598
14407019
14407070
14407110
14407149
14407151
14407181
14407185
14407225
14407276
14407287
14407482
14407487
14407553
14407610
14407694
14407718
14407863
14407866
14407990
14408094
14408291
14408338
14408401
14408792
14408833
14408869
14408944
14408954
14409075
14409181
14409359
14409450
14409472
14409478
14409487
14409503
14409697
14409804
14409834
14409846
14409895
14409923
14409940
14410095
14410117
14410128
14410275
14410802
14411111
14411114
14411236
14411292
14411363
14411385
14411436
14411447
14411485
14411499
14411507
14411552
14411694
14411748
14411937
14412344
14412364
14412370
14413218
14413387
14413477
14413570
14413650
14413670
14413718
14413858
14413906
14414046
14414068
14414090
14414093
14414105
14414201
14414202
14414523
14414654
14414879
14414939
14415038
14415082
14415094
14415105
14415107
14415108
14415119
14415142
14415148
14415273
14415311
14415332
14415338
14415402
14415415
14415429
14415503
14415533
14415696
14415792
14415862
14415922
14416023
14416116
14416191
14416335
14416374
14416423
14416428
14416437
14416557
14416604
14416665
14416696
14416860
14416872
14417134
14417153
14417216
14417235
14417308
14417371
14417408
14417436
14417514
14417774
14418026
14418064
14418085
14418256
14418615
14418792
14419117
14419428
14420418
14420434
14420563
14420674
14420741
14420789
14420801
14420865
14421586
14421615
14421660
14421716
14421721
14421730
14421761
14421772
14421773
14421784
14421973
14422081
14422196
14422273
14422473
14422595
14422597
14422750
14422894
14423007
14423193
14423256
14423286
14423348
14423621
14423642
14423674
14423701
14424080
14424159
14424172
14424468
14424561
14424658
14425167
14426031
14426460
14426488
14426710
14426818
14426948
14426953
14427148
14427183
14427277
14427291
14427349
14427357
14427425
14427451
14427488
14427531
14427563
14427574
14427576
14427660
14427812
14428451
14428780
14428852
14428860
14428953
14429068
14429095
14429156
14429178
14429427
14429505
14429553
14429554
14429587
14429614
14429728
14429804
14429894
14429906
14429956
14429957
14430049
14430064
14430294
14430442
14430642
14431887
14431905
14432693
14433077
14433359
14433605
14433642
14433741
14433756
14433895
14433953
14434003
14434072
14434339
14434562
14434584
14434609
14434648
14434688
14434700
14434828
14434921
14434951
14435011
14435039
14435040
14435126
14435284
14435341
14435344
14435493
14435518
14435589
14435609
14435794
14435967
14436098
14436334
14436381
14436507
14436541
14436544
14436567
14436582
14436680
14436763
14436888
14438033
14438359
14438373
14439407
14439441
14439460
14439595
14439636
14439672
14439842
14439862
14439918
14440574
14440861
14441403
14441406
14441414
14441483
14441605
14441624
14441660
14441714
14441771
14441870
14441897
14441966
14441995
14442172
14442191
14442203
14442348
14442442
14442533
14442607
14442628
14442753
14442817
14442818
14442900
14442973
14443094
14443456
14443592
14443691
14443789
14444058
14444399
14444858
14444966
14445408
14446170
14447115
14447194
14447213
14447498
14447515
14447547
14447574
14447596
14447632
14447719
14447892
14447985
14448078
14448234
14448488
14448656
14448760
14448857
14449155
14449466
14449638
14449639
14449654
14449685
14449779
14450142
14450232
14450233
14450300
14450321
14450345
14450352
14450410
14450466
14450475
14450506
14450518
14450526
14450562
14450825
14452041
14452415
14452544
14453048
14453118
14453137
14453179
14453194
14453265
14453284
14453307
14453309
14453315
14453426
14453535
14453554
14453580
14453923
14453926
14453966
14454067
14454318
14454408
14454696
14454740
14454825
14455050
14455076
14455213
14455238
14455272
14455287
14455346
14455406
14455486
14455528
14455566
14455581
14455924
14456088
14456126
14456239
14456456
14456654
14456714
14456753
14456941
14456980
14457427
14457884
14457977
14458243
14458584
14458629
14458996
14459311
14459548
14459742
14459810
14459886
14459932
14459992
14460019
14460119
14460369
14460468
14460585
14460775
14461200
14461265
14461269
14461299
14461331
14461398
14461964
14462057
14462093
14462141
14462651
14462666
14462752
14462806
14462851
14462856
14462963
14463191
14463271
14463373
14463383
14463531
14463537
14463619
14463621
14464238
14465064
14465231
14465497
14465531
14465756
14465882
14465904
14466072
14466082
14466098
14466457
14466477
14466544
14466565
14466566
14466613
14466683
14466735
14466847
14466991
14467101
14467395
14467397
14467477
14467489
14467520
14467853
14468084
14468225
14468433
14468443
14468486
14468593
14468753
14468781
14468785
14468800
14468859
14468980
14469250
14469453
14469459
14469481
14469484
14469500
14469533
14469534
14469601
14469622
14469625
14469657
14470150
14470186
14470199
14470272
14471018
14471491
14471551
14471808
14471947
14472002
14472143
14472229
14472282
14472552
14472600
14472623
14472664
14472682
14472792
14472861
14472905
14473091
14473173
14473393
14473410
14473415
14473431
14473516
14473645
14473674
14474210
14474238
14474253
14474323
14474508
14474571
14474598
14474612
14474621
14474787
14474794
14474950
14474963
14475033
14475043
14475065
14475124
14475214
14475236
14475260
14475331
14475355
14475491
14475591
14475691
14476137
14476148
14476575
14476580
14476688
14477415
14477549
14477586
14477846
14477870
14477871
14477890
14477895
14478013
14478022
14478095
14478122
14478165
14478176
14478351
14478383
14478403
14478434
14478446
14478642
14478731
14478737
14478739
14478742
14478753
14478774
14478822
14478840
14478843
14478928
14478933
14478936
14478952
14479001
14479288
14479369
14479379
14479477
14479537
14479567
14479590
14479688
14479725
14479738
14479747
14479781
14479884
14480036
14480048
14480082
14480130
14480369
14480390
14480484
14480509
14480695
14480832
14480855
14480871
14480877
14480878
14480879
14480888
14480889
14480924
14480932
14480984
14481075
14481110
14481269
14481582
14481607
14481880
14481920
14481983
14482039
14482341
14482342
14482355
14482359
14482361
14482368
14482378
14482503
14482512
14482525
14482728
14482734
14482740
14483060
14483108
14483721
14484259
14484270
14484288
14484482
14484543
14484599
14484610
14484615
14484670
14484683
14484699
14484735
14484802
14484836
14484953
14485036
14485132
14485134
14485150
14485158
14485204
14485214
14485245
14485247
14485296
14485400
14485459
14485483
14485551
14485633
14485692
14485766
14485829
14485840
14485887
14486409
14486543
14486559
14486659
14486681
14486801
14486830
14486988
14487032
14487085
14487142
14487220
14487237
14487247
14487399
14487450
14487460
14487467
14487469
14487471
14487493
14487508
14487573
14487591
14487676
14487685
14487861
14487903
14488147
14488267
14488290
14488406
14488839
14488863
14488878
14488991
14489012
14489058
14489065
14489133
14489209
14489262
14489358
14489545
14490464
14490468
14490525
14490602
14490613
14490652
14490702
14490705
14490713
14490786
14490818
14490842
14490849
14490855
14490866
14490872
14491010
14491093
14491124
14491164
14491235
14491281
14491289
14491323
14491389
14491393
14491540
14491607
14491649
14491765
14491986
14491991
14492014
14492036
14492044
14492231
14492245
14492264
14492357
14492412
14492616
14492704
14492738
14492849
14492904
14493201
14493266
14493360
14493431
14493457
14493473
14493476
14493784
14493930
14494459
14494595
14494646
14494896
14494915
14495201
14495229
14495266
14495280
14495290
14495297
14495342
14495517
14495521
14495644
14495668
14495920
14495963
14496109
14496115
14496288
14496904
14497005
14497028
14497329
14497343
14497491
14497559
14497591
14497606
14497926
14497935
14497953
14497984
14497992
14498021
14498059
14498092
14498127
14498130
14498178
14498189
14498194
14498196
14498330
14498403
14498446
14498536
14498539
14498545
14498555
14498636
14498780
14498819
14498849
14498880
14498924
14498990
14499107
14499111
14499121
14499129
14499372
14499469
14499491
14499495
14499700
14499730
14499759
14499801
