14446520
14446535
14446677
14446813
14446924
14447016
14447020
14447032
14447088
14447184
14447196
14447326
14447347
14447372
14447378
14447463
14447507
14447512
14447571
14447579
14447694
14447749
14447757
14447919
14447921
14448298
14448467
14448477
14448565
14448585
14448638
14448693
14448889
14449078
14449251
14449277
14449299
14449325
14449397
14449420
14449424
14449459
14449473
14449525
14449588
14449613
14449905
14450025
14450127
14450155
14450476
14450603
14450605
14450948
14450987
14451078
14451099
14451230
14451405
14451475
14451619
14451734
14451862
14451924
14451982
14451999
14452244
14452400
14452619
14452623
14452652
14452767
14452911
14452967
14453003
14453039
14453061
14453062
14453180
14453194
14453216
14453238
14453494
14453517
14453521
14453564
14453569
14453570
14453575
14453582
14453598
14453607
14453626
14453635
14453641
14453650
14453688
14453762
14453797
14453810
14453817
14453849
14453855
14453968
14453995
14454031
14454170
14454194
14454201
14454210
14454212
14454216
14454219
14454224
14454235
14454243
14454265
14454285
14454296
14454307
14454345
14454362
14454376
14454390
14454396
14454400
14454410
14454419
14454429
14454457
14454504
14454510
14454598
14454662
14454705
14454774
14454812
14454823
14454868
14454957
14455062
14455103
14455172
14455302
14455424
14455487
14455551
14455625
14455720
14455797
14455799
14456070
14456573
14456866
14456923
14456969
14456972
14457247
14457260
14457462
14457846
14457895
14457949
14458164
14458180
14458327
14458359
14458361
14458425
14458489
14458573
14458672
14458842
14458849
14458866
14458911
14458929
14458983
14459044
14459076
14459077
14459096
14459122
14459163
14459202
14459487
14459733
14459923
14459927
14459942
14459947
14460074
14460137
14460278
14460281
14460346
14460352
14460449
14460513
14460524
14460533
14460588
14460601
14460604
14460633
14460697
14460785
14460851
14460897
14460941
14461022
14461034
14461048
14461060
14461062
14461080
14461082
14461104
14461125
14461158
14461190
14461234
14461245
14461250
14461257
14461259
14461372
14461748
14461783
14461792
14461807
14461834
14461910
14462024
14462347
14462391
14462501
14462567
14463444
14463549
14463637
14463708
14463728
14463789
14463801
14463807
14463874
14463930
14463938
14464005
14464150
14464396
14464519
14464636
14464704
14464752
14465078
14465095
14465124
14465183
14465242
14465462
14465479
14465604
14465609
14465729
14465816
14465817
14465830
14465927
14466052
14466129
14466164
14466196
14466204
14466215
14466244
14466318
14466430
14466431
14466455
14466488
14466506
14466510
14466709
14466828
14466967
14466980
14467004
14467030
14467258
14467307
14467497
14467499
14467500
14467549
14467612
14467668
14467678
14467707
14467794
14467973
14467990
14468012
14468032
14468194
14468231
14468243
14468260
14468318
14468325
14468335
14468455
14468685
14468741
14468881
14469200
14469250
14469271
14469427
14469448
14469460
14469474
14469481
14469519
14469606
14470028
14470089
14470272
14470425
14470446
14470488
14470490
14470492
14470493
14470497
14470500
14470501
14470673
14470812
14470825
14470897
14470943
14470971
14470978
14471050
14471120
14471155
14471387
14471518
14471558
14471704
14471728
14471766
14471769
14471925
14471951
14471970
14471973
14472029
14472106
14472188
14472263
14472363
14472367
14472376
14472396
14472409
14472428
14472481
14472484
14472542
14472550
14472583
14472643
14472653
14472669
14472709
14472713
14472720
14472744
14472751
14472856
14472864
14472881
14472886
14472900
14472911
14473043
14473097
14473112
14473204
14473268
14473275
14473305
14473315
14473398
14473466
14473509
14473538
14473664
14473674
14473774
14473802
14473964
14473996
14474049
14474066
14474115
14474129
14474133
14474178
14474186
14474197
14474283
14474342
14474357
14474373
14474407
14474450
14474455
14474462
14474552
14474563
14474586
14474602
14474605
14474670
14474681
14474703
14474723
14474727
14474776
14474849
14474876
14474884
14474946
14474955
14474963
14474966
14474971
14474990
14475010
14475042
14475056
14475073
14475089
14475092
14475133
14475146
14475171
14475185
14475193
14475234
14475271
14475283
14475293
14475312
14475323
14475336
14475382
14475385
14475597
14475636
14475647
14475666
14475701
14475703
14475713
14475851
14475906
14475913
14475916
14475921
14475923
14475942
14475951
14475962
14476021
14476099
14476117
14476135
14476190
14476290
14476355
14476736
14476785
14476790
14476796
14476818
14476831
14476866
14476940
14476975
14476991
14477008
14477021
14477029
14477134
14477142
14477148
14477149
14477153
14477166
14477237
14477328
14477413
14477426
14477482
14477537
14477584
14477601
14477653
14477656
14477727
14477740
14477801
14477819
14477869
14477905
14477909
14478013
14478057
14478084
14478105
14478217
14478507
14478523
14478558
14478583
14478659
14478675
14478694
14478717
14478822
14478899
14478914
14478917
14478921
14478931
14478973
14479095
14479174
14479240
14479369
14479383
14479391
14479392
14479398
14479407
14479414
14479415
14479416
14479427
14479430
14479438
14479461
14479462
14479759
14479888
14479919
14479924
14479972
14480004
14480048
14480066
14480081
14480083
14480198
14480207
14480250
14480513
14480526
14480713
14480717
14480757
14480779
14480836
14480838
14480881
14480893
14480894
14480914
14480915
14480916
14480917
14480950
14480997
14481072
14481096
14481149
14481178
14481181
14481189
14481208
14481275
14481337
14481389
14481434
14481438
14481503
14481507
14481508
14481547
14481561
14481593
14481669
14481777
14481784
14481790
14481857
14481870
14481878
14481930
14481938
14481991
14482076
14482136
14482138
14482145
14482150
14482152
14482227
14482280
14482286
14482361
14482496
14482507
14482518
14482579
14482628
14482740
14482741
14482751
14482901
14483009
14483083
14483548
14483642
14483848
14483876
14484006
14484020
14484096
14484175
14484247
14484252
14484261
14484262
14484265
14484448
14484449
14484507
14484511
14484520
14484620
14484642
14484693
14484743
14484815
14484833
14484870
14484884
14484914
14484916
14484924
14484932
14484936
14484940
14484972
14485052
14485070
14485077
14485113
14485178
14485179
14485259
14485268
14485297
14485315
14485330
14485529
14485655
14485888
14485901
14485921
14485946
14485957
14486021
14486133
14486199
14486429
14486470
14486516
14486551
14486694
14486733
14486738
14486740
14486751
14486808
14486816
14486889
14486901
14486955
14486960
14487012
14487028
14487306
14487354
14487361
14487374
14487386
14487392
14487411
14487433
14487436
14487445
14487453
14487461
14487493
14487497
14487513
14487574
14487591
14487626
14487649
14487663
14487665
14487691
14487700
14487900
14487916
14487924
14487979
14488321
14488340
14488351
14488389
14488471
14488537
14488577
14488708
14488911
14489062
14489067
14489082
14489083
14489096
14489108
14489128
14489134
14489195
14489204
14489223
14489289
14489299
14489306
14489382
14489384
14489421
14489465
14489679
14489848
14489854
14489879
14489880
14489910
14489915
14489941
14489947
14489951
14489954
14490091
14490716
14490776
14490787
14490825
14490845
14490985
14491069
14491103
14491113
14491122
14491171
14491275
14491306
14491309
14491346
14491362
14491376
14491381
14491393
14491428
14491476
14491496
14491501
14491535
14491622
14491623
14491628
14491631
14491660
14491719
14491810
14491899
14491901
14491908
14491918
14491930
14492007
14492103
14492111
14492144
14492152
14492339
14492371
14492445
14492452
14492456
14492476
14492478
14492486
14492489
14492550
14492567
14492594
14492625
14492718
14492738
14492747
14492760
14492785
14492900
14492901
14492950
14492975
14493144
14493174
14493176
14493181
14493256
14493259
14493264
14493288
14493294
14493296
14493327
14493333
14493340
14493356
14493560
14493603
14493626
14493881
14493916
14493957
14493987
14494207
14494248
14494276
14494367
14494403
14494498
14494539
14494540
14494552
14494553
14494554
14494555
14494556
14494557
14494559
14494562
14494563
14494565
14494585
14494591
14494592
14494600
14494607
14494608
14494610
14494640
14494641
14494718
14494739
14494841
14494852
14494861
14494866
14494877
14494882
14494888
14494977
14494998
14495021
14495130
14495176
14495207
14495331
14495378
14495391
14495419
14495535
14495549
14495597
14495697
14495709
14495730
14495735
14495845
14495868
14495889
14495913
14495965
14496035
14496078
14496095
14496131
14496151
14496213
14496231
14496395
14496463
14496552
14496811
14496815
14496885
14496894
14496964
14497243
14497430
14497494
14497534
14497589
14497591
14497592
14497615
14497768
14497770
14497811
14497862
14497877
14497971
14497973
14498141
14498166
14498167
14498213
14498284
14498309
14498468
14498481
14498576
14498722
14498749
14498769
14498792
14498793
14498833
14498844
14498914
14498939
14498941
14498958
14498991
14499047
14499056
14499058
14499136
14499162
14499163
14499170
14499178
14499186
14499373
14499451
14499480
14499511
14499512
14499536
14499543
14499558
14499619
14499696
14499727
14499752
14499767
14499790
14499805
14499810
14499824
14499829
14499848
14499857
14499898
14499912
14499956
14499999
