14496122
14496123
14496124
14496128
14496130
14496133
14496140
14496144
14496147
14496165
14496166
14496171
14496172
14496176
14496183
14496184
14496189
14496194
14496195
14496197
14496200
14496209
14496211
14496217
14496218
14496219
14496224
14496226
14496228
14496230
14496231
14496234
14496236
14496242
14496243
14496247
14496252
14496255
14496256
14496259
14496265
14496271
14496272
14496278
14496284
14496286
14496288
14496290
14496295
14496304
14496306
14496309
14496311
14496313
14496314
14496333
14496335
14496337
14496338
14496341
14496344
14496347
14496352
14496358
14496376
14496391
14496398
14496399
14496401
14496405
14496412
14496416
14496419
14496421
14496424
14496425
14496427
14496431
14496432
14496434
14496438
14496441
14496444
14496446
14496447
14496448
14496460
14496461
14496466
14496470
14496475
14496477
14496485
14496487
14496488
14496490
14496493
14496496
14496497
14496498
14496501
14496502
14496503
14496504
14496507
14496508
14496510
14496516
14496517
14496518
14496520
14496526
14496527
14496539
14496544
14496547
14496556
14496562
14496563
14496565
14496571
14496576
14496585
14496592
14496593
14496594
14496597
14496600
14496608
14496609
14496610
14496618
14496621
14496622
14496628
14496629
14496631
14496636
14496638
14496639
14496641
14496642
14496643
14496644
14496648
14496649
14496654
14496657
14496660
14496662
14496663
14496664
14496668
14496669
14496676
14496677
14496678
14496682
14496686
14496689
14496690
14496691
14496692
14496693
14496695
14496697
14496699
14496703
14496715
14496722
14496729
14496730
14496732
14496736
14496737
14496740
14496743
14496749
14496751
14496752
14496760
14496761
14496762
14496764
14496775
14496781
14496782
14496785
14496787
14496791
14496802
14496803
14496810
14496811
14496813
14496814
14496815
14496816
14496820
14496821
14496830
14496833
14496846
14496847
14496851
14496856
14496857
14496866
14496867
14496872
14496876
14496882
14496883
14496885
14496890
14496894
14496898
14496900
14496910
14496917
14496918
14496919
14496927
14496928
14496931
14496932
14496933
14496936
14496938
14496941
14496943
14496950
14496951
14496952
14496953
14496956
14496957
14496959
14496962
14496963
14496966
14496968
14496969
14496973
14496974
14496975
14496977
14496978
14496979
14496980
14496983
14496985
14496992
14496994
14497005
14497006
14497010
14497011
14497015
14497016
14497021
14497022
14497025
14497027
14497030
14497033
14497035
14497036
14497039
14497041
14497042
14497043
14497044
14497047
14497050
14497051
14497052
14497053
14497054
14497062
14497063
14497064
14497067
14497068
14497074
14497075
14497078
14497079
14497080
14497081
14497083
14497084
14497086
14497088
14497093
14497096
14497100
14497105
14497109
14497110
14497113
14497116
14497117
14497118
14497121
14497123
14497125
14497126
14497137
14497140
14497143
14497146
14497149
14497150
14497156
14497157
14497158
14497160
14497167
14497168
14497174
14497177
14497181
14497190
14497194
14497198
14497199
14497200
14497201
14497204
14497207
14497208
14497211
14497213
14497214
14497219
14497221
14497223
14497235
14497240
14497242
14497250
14497255
14497266
14497267
14497268
14497271
14497279
14497280
14497281
14497284
14497288
14497294
14497295
14497297
14497304
14497305
14497308
14497315
14497320
14497321
14497331
14497333
14497335
14497337
14497339
14497340
14497343
14497345
14497350
14497352
14497353
14497355
14497359
14497364
14497368
14497369
14497370
14497371
14497382
14497384
14497388
14497389
14497391
14497394
14497397
14497400
14497402
14497403
14497408
14497409
14497420
14497421
14497427
14497433
14497435
14497439
14497455
14497458
14497465
14497472
14497474
14497476
14497477
14497478
14497479
14497480
14497481
14497483
14497487
14497491
14497499
14497501
14497505
14497506
14497509
14497516
14497518
14497520
14497527
14497531
14497532
14497536
14497537
14497538
14497545
14497549
14497551
14497552
14497558
14497560
14497569
14497570
14497576
14497581
14497584
14497586
14497589
14497591
14497595
14497596
14497601
14497602
14497603
14497606
14497610
14497612
14497614
14497616
14497618
14497620
14497621
14497623
14497627
14497628
14497634
14497637
14497639
14497644
14497653
14497655
14497657
14497658
14497664
14497667
14497669
14497671
14497675
14497682
14497684
14497686
14497687
14497689
14497702
14497708
14497709
14497713
14497714
14497718
14497722
14497724
14497728
14497729
14497732
14497734
14497741
14497743
14497753
14497756
14497762
14497765
14497772
14497778
14497779
14497782
14497785
14497793
14497795
14497802
14497806
14497810
14497812
14497813
14497814
14497820
14497831
14497839
14497840
14497862
14497877
14497879
14497889
14497893
14497897
14497899
14497900
14497904
14497906
14497926
14497930
14497936
14497937
14497938
14497940
14497953
14497962
14497966
14497968
14497973
14497974
14497981
14497989
14497990
14497991
14497992
14498000
14498001
14498005
14498009
14498010
14498011
14498016
14498028
14498029
14498030
14498033
14498035
14498039
14498041
14498042
14498044
14498052
14498053
14498054
14498057
14498062
14498070
14498075
14498076
14498080
14498081
14498085
14498088
14498089
14498093
14498094
14498099
14498106
14498107
14498112
14498115
14498119
14498126
14498128
14498129
14498140
14498143
14498154
14498161
14498167
14498173
14498177
14498184
14498187
14498194
14498208
14498213
14498215
14498219
14498220
14498244
14498249
14498254
14498255
14498267
14498271
14498275
14498277
14498289
14498290
14498301
14498302
14498303
14498310
14498311
14498312
14498313
14498320
14498323
14498326
14498327
14498330
14498336
14498337
14498340
14498343
14498344
14498348
14498353
14498357
14498360
14498362
14498367
14498372
14498374
14498378
14498379
14498380
14498385
14498391
14498392
14498393
14498396
14498398
14498403
14498404
14498406
14498409
14498413
14498415
14498418
14498419
14498420
14498422
14498424
14498425
14498427
14498430
14498431
14498434
14498435
14498436
14498438
14498440
14498441
14498446
14498447
14498451
14498453
14498456
14498462
14498465
14498468
14498470
14498472
14498476
14498477
14498481
14498484
14498485
14498487
14498489
14498491
14498494
14498495
14498496
14498499
14498502
14498504
14498507
14498509
14498512
14498513
14498518
14498519
14498520
14498521
14498522
14498523
14498528
14498532
14498534
14498539
14498542
14498545
14498546
14498547
14498549
14498550
14498551
14498553
14498556
14498558
14498562
14498567
14498568
14498574
14498576
14498581
14498587
14498590
14498593
14498600
14498604
14498607
14498609
14498612
14498615
14498622
14498627
14498628
14498630
14498634
14498637
14498642
14498644
14498647
14498649
14498651
14498653
14498655
14498664
14498665
14498666
14498673
14498675
14498679
14498680
14498684
14498687
14498691
14498692
14498693
14498697
14498698
14498699
14498701
14498703
14498709
14498710
14498712
14498713
14498714
14498717
14498721
14498725
14498726
14498727
14498730
14498734
14498735
14498736
14498738
14498742
14498749
14498751
14498754
14498757
14498758
14498770
14498776
14498782
14498785
14498787
14498789
14498791
14498797
14498798
14498805
14498806
14498807
14498809
14498818
14498819
14498825
14498833
14498842
14498845
14498853
14498862
14498871
14498875
14498876
14498885
14498892
14498901
14498906
14498907
14498911
14498912
14498914
14498925
14498926
14498933
14498939
14498950
14498958
14498959
14498961
14498968
14498979
14498980
14498987
14498991
14499001
14499002
14499010
14499012
14499014
14499018
14499020
14499024
14499031
14499032
14499035
14499036
14499038
14499040
14499048
14499053
14499054
14499057
14499092
14499098
14499108
14499120
14499126
14499127
14499132
14499144
14499145
14499166
14499171
14499201
14499202
14499203
14499216
14499217
14499220
14499230
14499234
14499242
14499246
14499248
14499249
14499256
14499257
14499262
14499265
14499268
14499271
14499275
14499278
14499284
14499285
14499286
14499288
14499295
14499301
14499302
14499305
14499312
14499321
14499331
14499333
14499340
14499350
14499351
14499352
14499354
14499358
14499359
14499361
14499363
14499364
14499366
14499372
14499376
14499378
14499383
14499386
14499387
14499389
14499392
14499396
14499397
14499402
14499404
14499410
14499411
14499419
14499424
14499425
14499436
14499437
14499439
14499443
14499446
14499450
14499454
14499455
14499457
14499465
14499470
14499479
14499480
14499481
14499484
14499497
14499498
14499499
14499515
14499520
14499527
14499529
14499531
14499536
14499549
14499561
14499566
14499571
14499574
14499575
14499576
14499579
14499582
14499586
14499587
14499589
14499591
14499592
14499598
14499614
14499620
14499623
14499624
14499633
14499634
14499637
14499640
14499643
14499644
14499653
14499654
14499655
14499661
14499677
14499679
14499683
14499690
14499695
14499696
14499702
14499703
14499716
14499725
14499738
14499770
14499775
14499798
14499802
14499805
14499819
14499821
14499828
14499843
14499845
14499851
14499855
14499861
14499868
14499878
14499895
14499898
14499900
14499905
14499909
14499913
14499915
14499919
14499924
14499925
14499927
14499945
14499951
14499962
14499980
14499987
14499995
14499996
