14493611
14493613
14493618
14493623
14493628
14493639
14493648
14493651
14493662
14493666
14493667
14493668
14493679
14493680
14493687
14493696
14493698
14493701
14493702
14493703
14493710
14493712
14493719
14493721
14493722
14493723
14493726
14493756
14493758
14493760
14493783
14493790
14493794
14493798
14493805
14493809
14493814
14493840
14493843
14493848
14493853
14493855
14493856
14493866
14493867
14493869
14493877
14493878
14493881
14493883
14493900
14493901
14493907
14493923
14493928
14493933
14493938
14493939
14493941
14493957
14493962
14493966
14493970
14493979
14493980
14493988
14493989
14493996
14493999
14494015
14494016
14494020
14494034
14494044
14494047
14494053
14494058
14494064
14494068
14494069
14494072
14494079
14494080
14494092
14494094
14494104
14494105
14494110
14494117
14494119
14494122
14494123
14494124
14494128
14494132
14494157
14494159
14494160
14494162
14494163
14494167
14494168
14494173
14494176
14494177
14494180
14494181
14494184
14494187
14494190
14494196
14494197
14494201
14494205
14494208
14494213
14494217
14494218
14494222
14494224
14494233
14494238
14494240
14494242
14494247
14494251
14494258
14494263
14494266
14494267
14494274
14494284
14494286
14494287
14494292
14494295
14494309
14494317
14494319
14494322
14494326
14494337
14494345
14494353
14494355
14494359
14494363
14494366
14494368
14494377
14494391
14494398
14494404
14494410
14494411
14494412
14494415
14494454
14494455
14494457
14494464
14494465
14494473
14494482
14494494
14494495
14494521
14494548
14494554
14494555
14494556
14494574
14494587
14494591
14494597
14494606
14494623
14494634
14494640
14494642
14494643
14494654
14494662
14494673
14494676
14494682
14494684
14494701
14494712
14494719
14494721
14494744
14494746
14494752
14494756
14494777
14494784
14494814
14494819
14494821
14494831
14494841
14494845
14494849
14494883
14494884
14494898
14494912
14494918
14494927
14494948
14494954
14494962
14494972
14494974
14494987
14494991
14495005
14495009
14495013
14495022
14495023
14495026
14495030
14495031
14495035
14495038
14495045
14495048
14495058
14495061
14495065
14495073
14495080
14495083
14495084
14495085
14495090
14495106
14495107
14495121
14495126
14495127
14495128
14495136
14495151
14495152
14495165
14495168
14495177
14495187
14495190
14495204
14495206
14495210
14495216
14495217
14495221
14495228
14495230
14495240
14495250
14495257
14495271
14495275
14495279
14495283
14495293
14495300
14495301
14495304
14495312
14495318
14495323
14495329
14495334
14495339
14495347
14495357
14495361
14495364
14495366
14495368
14495370
14495377
14495378
14495385
14495388
14495391
14495392
14495395
14495404
14495422
14495426
14495429
14495441
14495450
14495456
14495459
14495471
14495478
14495481
14495484
14495488
14495492
14495497
14495499
14495502
14495503
14495514
14495520
14495522
14495523
14495527
14495529
14495530
14495535
14495539
14495540
14495547
14495553
14495554
14495560
14495563
14495567
14495570
14495574
14495580
14495586
14495592
14495610
14495613
14495621
14495622
14495626
14495635
14495638
14495642
14495644
14495647
14495652
14495655
14495663
14495665
14495666
14495688
14495689
14495697
14495698
14495700
14495705
14495713
14495720
14495730
14495732
14495734
14495749
14495753
14495757
14495758
14495771
14495782
14495785
14495786
14495799
14495805
14495812
14495818
14495828
14495854
14495856
14495861
14495865
14495869
14495871
14495889
14495900
14495902
14495912
14495915
14495917
14495920
14495921
14495923
14495926
14495931
14495934
14495936
14495939
14495942
14495953
14495955
14495957
14495964
14495965
14495966
14495985
14495991
14495996
14495999
14496002
14496012
14496015
14496019
14496027
14496038
14496042
14496045
14496048
14496057
14496061
14496067
14496071
14496080
14496084
14496087
14496091
14496100
14496101
14496102
14496118
14496123
14496127
14496136
14496137
14496140
14496158
14496167
14496171
14496172
14496181
14496182
14496185
14496186
14496190
14496193
14496200
14496213
14496218
14496219
14496223
14496233
14496236
14496243
14496245
14496248
14496250
14496254
14496265
14496284
14496288
14496292
14496296
14496303
14496306
14496310
14496312
14496315
14496322
14496324
14496338
14496343
14496357
14496371
14496374
14496384
14496391
14496392
14496408
14496422
14496423
14496425
14496434
14496469
14496475
14496492
14496504
14496508
14496536
14496537
14496538
14496540
14496543
14496549
14496551
14496556
14496557
14496560
14496572
14496581
14496592
14496595
14496602
14496605
14496606
14496607
14496608
14496616
14496618
14496626
14496630
14496631
14496636
14496640
14496644
14496646
14496649
14496655
14496656
14496660
14496669
14496686
14496693
14496694
14496695
14496698
14496704
14496708
14496709
14496716
14496718
14496738
14496749
14496752
14496757
14496765
14496782
14496787
14496796
14496797
14496804
14496809
14496812
14496815
14496826
14496834
14496839
14496900
14496905
14496906
14496908
14496917
14496928
14496934
14496936
14496939
14496940
14496951
14496952
14496963
14496969
14496973
14496979
14496981
14496994
14496998
14497011
14497014
14497016
14497020
14497021
14497025
14497041
14497047
14497051
14497059
14497069
14497070
14497080
14497084
14497092
14497109
14497113
14497115
14497119
14497123
14497128
14497138
14497150
14497154
14497163
14497168
14497170
14497173
14497177
14497189
14497196
14497198
14497201
14497204
14497210
14497220
14497223
14497224
14497226
14497231
14497234
14497240
14497242
14497248
14497261
14497280
14497290
14497296
14497303
14497306
14497314
14497315
14497316
14497321
14497323
14497327
14497352
14497353
14497365
14497369
14497371
14497372
14497375
14497381
14497383
14497384
14497388
14497396
14497399
14497407
14497408
14497410
14497418
14497422
14497426
14497449
14497450
14497470
14497474
14497490
14497492
14497493
14497498
14497500
14497501
14497516
14497517
14497518
14497519
14497524
14497529
14497533
14497535
14497538
14497549
14497557
14497565
14497569
14497575
14497580
14497584
14497592
14497595
14497632
14497634
14497637
14497640
14497645
14497648
14497651
14497653
14497661
14497662
14497664
14497678
14497683
14497687
14497694
14497698
14497708
14497712
14497713
14497714
14497721
14497722
14497725
14497732
14497737
14497754
14497755
14497756
14497767
14497769
14497770
14497782
14497793
14497797
14497798
14497802
14497810
14497811
14497814
14497820
14497821
14497825
14497829
14497830
14497838
14497839
14497840
14497861
14497879
14497885
14497901
14497903
14497905
14497910
14497930
14497932
14497937
14497956
14497963
14497972
14497980
14497986
14497990
14498001
14498003
14498005
14498009
14498010
14498019
14498038
14498041
14498060
14498072
14498083
14498089
14498094
14498099
14498100
14498105
14498110
14498112
14498114
14498115
14498119
14498127
14498136
14498137
14498145
14498147
14498148
14498151
14498154
14498156
14498173
14498178
14498179
14498203
14498206
14498214
14498218
14498220
14498226
14498242
14498252
14498254
14498278
14498289
14498290
14498292
14498301
14498316
14498321
14498336
14498341
14498343
14498346
14498352
14498353
14498356
14498373
14498386
14498387
14498397
14498408
14498411
14498415
14498420
14498427
14498429
14498431
14498448
14498453
14498455
14498460
14498464
14498488
14498501
14498505
14498525
14498536
14498539
14498548
14498549
14498558
14498559
14498562
14498574
14498575
14498577
14498581
14498587
14498602
14498603
14498610
14498621
14498635
14498650
14498654
14498663
14498667
14498669
14498676
14498685
14498687
14498699
14498703
14498714
14498727
14498729
14498739
14498744
14498750
14498758
14498761
14498786
14498816
14498825
14498831
14498840
14498842
14498863
14498874
14498882
14498888
14498892
14498897
14498900
14498911
14498929
14498930
14498932
14498939
14498947
14498952
14498958
14498961
14498964
14498992
14499001
14499002
14499011
14499013
14499026
14499031
14499034
14499042
14499047
14499050
14499056
14499058
14499066
14499068
14499074
14499112
14499117
14499130
14499142
14499145
14499147
14499149
14499158
14499161
14499163
14499164
14499171
14499175
14499178
14499184
14499200
14499214
14499219
14499229
14499230
14499233
14499235
14499240
14499245
14499256
14499268
14499286
14499288
14499294
14499296
14499303
14499319
14499320
14499321
14499330
14499336
14499339
14499347
14499355
14499360
14499362
14499374
14499378
14499379
14499397
14499402
14499405
14499411
14499413
14499422
14499434
14499439
14499448
14499451
14499453
14499462
14499482
14499490
14499491
14499495
14499502
14499503
14499512
14499524
14499525
14499526
14499544
14499562
14499565
14499581
14499589
14499596
14499613
14499614
14499626
14499629
14499630
14499632
14499642
14499651
14499659
14499676
14499679
14499684
14499687
14499692
14499693
14499700
14499708
14499720
14499725
14499739
14499745
14499761
14499770
14499772
14499784
14499798
14499799
14499805
14499823
14499828
14499837
14499838
14499851
14499852
14499857
14499864
14499870
14499899
14499903
14499904
14499906
14499911
14499915
14499919
14499927
14499933
14499943
14499945
14499958
14499962
14499974
14499977
14499982
14499989
14499993
14499996
