14492172
14492181
14492186
14492204
14492206
14492207
14492214
14492220
14492223
14492239
14492251
14492253
14492269
14492277
14492287
14492307
14492308
14492318
14492322
14492333
14492337
14492344
14492350
14492362
14492378
14492380
14492381
14492382
14492386
14492398
14492399
14492402
14492405
14492414
14492435
14492436
14492439
14492446
14492448
14492458
14492459
14492460
14492465
14492468
14492475
14492483
14492486
14492493
14492494
14492510
14492520
14492525
14492533
14492536
14492538
14492546
14492553
14492554
14492557
14492583
14492594
14492598
14492611
14492627
14492628
14492637
14492645
14492646
14492654
14492665
14492684
14492685
14492688
14492695
14492697
14492700
14492701
14492727
14492749
14492754
14492756
14492760
14492762
14492765
14492767
14492791
14492805
14492817
14492820
14492849
14492861
14492882
14492913
14492929
14492930
14492933
14492946
14492951
14492972
14492979
14492991
14493010
14493021
14493022
14493027
14493032
14493045
14493047
14493052
14493056
14493061
14493068
14493072
14493073
14493083
14493088
14493101
14493119
14493124
14493129
14493131
14493142
14493150
14493151
14493168
14493171
14493182
14493187
14493189
14493198
14493207
14493217
14493220
14493221
14493223
14493224
14493230
14493233
14493234
14493250
14493256
14493257
14493259
14493270
14493272
14493274
14493284
14493288
14493306
14493312
14493325
14493327
14493335
14493336
14493347
14493356
14493362
14493364
14493374
14493383
14493384
14493385
14493411
14493420
14493423
14493424
14493426
14493439
14493442
14493448
14493449
14493451
14493452
14493463
14493467
14493476
14493477
14493480
14493484
14493496
14493498
14493500
14493506
14493512
14493516
14493517
14493521
14493525
14493530
14493536
14493538
14493542
14493543
14493545
14493565
14493580
14493589
14493591
14493603
14493609
14493615
14493618
14493621
14493623
14493628
14493635
14493636
14493646
14493647
14493649
14493651
14493653
14493654
14493659
14493668
14493677
14493688
14493689
14493693
14493701
14493704
14493709
14493722
14493732
14493735
14493741
14493753
14493756
14493760
14493764
14493782
14493789
14493792
14493796
14493805
14493807
14493815
14493819
14493820
14493824
14493825
14493830
14493831
14493832
14493834
14493836
14493851
14493852
14493854
14493874
14493879
14493886
14493890
14493891
14493892
14493893
14493894
14493895
14493899
14493905
14493906
14493909
14493913
14493917
14493919
14493922
14493924
14493926
14493929
14493932
14493935
14493939
14493942
14493946
14493951
14493955
14493957
14493968
14493970
14493982
14493987
14493989
14493993
14493994
14493995
14494003
14494005
14494007
14494008
14494010
14494014
14494026
14494028
14494034
14494036
14494039
14494043
14494044
14494073
14494087
14494089
14494090
14494093
14494094
14494096
14494101
14494103
14494104
14494105
14494108
14494126
14494132
14494139
14494147
14494157
14494160
14494179
14494188
14494192
14494193
14494200
14494203
14494217
14494219
14494220
14494224
14494225
14494231
14494237
14494241
14494244
14494252
14494254
14494264
14494280
14494287
14494288
14494292
14494296
14494308
14494309
14494314
14494315
14494323
14494329
14494338
14494346
14494347
14494356
14494360
14494363
14494389
14494407
14494429
14494440
14494446
14494455
14494457
14494472
14494502
14494503
14494508
14494510
14494522
14494523
14494526
14494528
14494529
14494549
14494554
14494558
14494559
14494564
14494566
14494578
14494581
14494583
14494587
14494595
14494597
14494600
14494601
14494604
14494608
14494631
14494642
14494649
14494654
14494660
14494663
14494666
14494691
14494692
14494698
14494703
14494711
14494717
14494762
14494767
14494771
14494783
14494788
14494794
14494810
14494814
14494816
14494823
14494832
14494834
14494838
14494842
14494849
14494850
14494853
14494855
14494886
14494887
14494894
14494900
14494909
14494930
14494937
14494949
14494959
14494964
14494967
14494981
14494997
14495005
14495013
14495018
14495041
14495056
14495061
14495065
14495076
14495080
14495083
14495085
14495091
14495104
14495107
14495113
14495115
14495141
14495142
14495156
14495157
14495165
14495171
14495178
14495189
14495196
14495202
14495208
14495210
14495216
14495217
14495219
14495221
14495240
14495244
14495246
14495249
14495256
14495261
14495267
14495269
14495280
14495281
14495286
14495291
14495309
14495310
14495312
14495320
14495329
14495337
14495342
14495346
14495347
14495355
14495359
14495370
14495376
14495385
14495396
14495409
14495415
14495418
14495419
14495424
14495427
14495428
14495437
14495450
14495457
14495458
14495463
14495476
14495479
14495488
14495496
14495507
14495513
14495520
14495521
14495522
14495537
14495550
14495553
14495555
14495557
14495560
14495563
14495576
14495588
14495589
14495625
14495637
14495670
14495686
14495694
14495710
14495711
14495713
14495727
14495759
14495776
14495781
14495782
14495797
14495807
14495808
14495819
14495824
14495830
14495845
14495848
14495860
14495869
14495870
14495880
14495889
14495899
14495936
14495952
14495964
14495967
14495976
14495987
14495993
14495998
14496012
14496023
14496028
14496032
14496047
14496067
14496068
14496071
14496084
14496092
14496109
14496124
14496133
14496140
14496172
14496218
14496223
14496238
14496241
14496247
14496248
14496252
14496259
14496261
14496273
14496278
14496281
14496291
14496304
14496314
14496328
14496356
14496376
14496380
14496383
14496398
14496400
14496401
14496408
14496411
14496420
14496421
14496423
14496425
14496428
14496431
14496432
14496435
14496450
14496462
14496470
14496473
14496475
14496502
14496510
14496517
14496538
14496561
14496566
14496579
14496580
14496586
14496601
14496607
14496626
14496655
14496664
14496676
14496682
14496698
14496708
14496714
14496728
14496738
14496752
14496757
14496762
14496785
14496786
14496794
14496800
14496811
14496823
14496833
14496840
14496844
14496872
14496924
14496940
14496952
14496954
14496956
14496960
14496982
14496985
14497016
14497034
14497061
14497064
14497077
14497084
14497085
14497088
14497105
14497113
14497132
14497136
14497144
14497148
14497158
14497171
14497181
14497185
14497202
14497205
14497216
14497219
14497220
14497224
14497235
14497243
14497249
14497259
14497261
14497269
14497273
14497288
14497302
14497313
14497329
14497334
14497338
14497339
14497343
14497351
14497355
14497365
14497368
14497369
14497371
14497377
14497381
14497382
14497383
14497400
14497402
14497415
14497431
14497436
14497449
14497456
14497461
14497465
14497466
14497480
14497484
14497492
14497517
14497520
14497527
14497543
14497552
14497553
14497564
14497565
14497569
14497576
14497582
14497591
14497608
14497613
14497631
14497634
14497649
14497654
14497681
14497683
14497692
14497721
14497722
14497728
14497730
14497737
14497755
14497758
14497768
14497770
14497778
14497819
14497823
14497833
14497838
14497870
14497877
14497887
14497889
14497897
14497903
14497910
14497929
14497956
14497974
14497979
14497999
14498001
14498018
14498020
14498051
14498052
14498087
14498089
14498115
14498136
14498137
14498140
14498144
14498145
14498156
14498161
14498170
14498176
14498181
14498194
14498213
14498217
14498220
14498235
14498269
14498270
14498276
14498281
14498306
14498313
14498320
14498323
14498331
14498336
14498339
14498354
14498366
14498373
14498400
14498413
14498420
14498431
14498473
14498478
14498512
14498514
14498526
14498531
14498536
14498552
14498562
14498590
14498591
14498626
14498649
14498656
14498678
14498687
14498691
14498727
14498731
14498735
14498767
14498770
14498785
14498796
14498797
14498801
14498814
14498825
14498829
14498830
14498831
14498841
14498843
14498848
14498850
14498856
14498858
14498861
14498863
14498880
14498895
14498897
14498901
14498902
14498914
14498922
14498943
14498950
14498958
14498962
14498964
14498970
14498991
14499002
14499010
14499019
14499026
14499042
14499045
14499047
14499050
14499058
14499061
14499068
14499071
14499089
14499091
14499092
14499097
14499101
14499111
14499120
14499122
14499130
14499132
14499145
14499147
14499150
14499154
14499160
14499163
14499196
14499201
14499202
14499203
14499218
14499221
14499231
14499234
14499239
14499246
14499249
14499255
14499263
14499293
14499296
14499297
14499299
14499304
14499319
14499321
14499339
14499342
14499350
14499354
14499355
14499359
14499365
14499366
14499368
14499375
14499400
14499404
14499405
14499407
14499411
14499413
14499424
14499428
14499432
14499439
14499443
14499453
14499456
14499460
14499461
14499462
14499465
14499476
14499479
14499480
14499483
14499485
14499499
14499506
14499518
14499526
14499527
14499530
14499532
14499543
14499544
14499561
14499569
14499574
14499581
14499585
14499586
14499598
14499608
14499619
14499629
14499634
14499655
14499657
14499679
14499694
14499696
14499698
14499700
14499703
14499705
14499716
14499721
14499727
14499738
14499741
14499745
14499751
14499770
14499772
14499804
14499808
14499813
14499817
14499821
14499823
14499827
14499833
14499849
14499850
14499853
14499859
14499882
14499887
14499888
14499890
14499893
14499920
14499921
14499924
14499938
14499942
14499949
14499950
14499958
14499959
14499964
14499977
14499982
14499986
14499998
