8029669
8029672
8029680
8029684
8029690
8029696
8029699
8029703
8029706
8029709
8029713
8029716
8029738
8029743
8029746
8029752
8029759
8029763
8029764
8029767
8029775
8029779
8029782
8029785
8029790
8029795
8029798
8029801
8029806
8029808
8029815
8029823
8029830
8029835
8029844
8029847
8029853
8029856
8029862
8029869
8029872
8029877
8029885
8029890
8029894
8029898
8029902
8029906
8029911
8029915
8029918
8029921
8029924
8029929
8029932
8029939
8029943
8029947
8029954
8029960
8029985
8029993
8030000
8030007
8030012
8030014
8030023
8030026
8030032
8030037
8030043
8030047
8030051
8030054
8030057
8030064
8030069
8030073
8030076
8030078
8030082
8030084
8030086
8030091
8030096
8030099
8030106
8030166
8030169
8030175
8030191
8030203
8030207
8030212
8030217
8030222
8030227
8030246
8030252
8030258
8030264
8030269
8030274
8067850
8067853
8067857
8067862
8067869
8067874
8067878
8067881
8067883
8067887
8067893
8067895
8067901
8067906
8067910
8067913
8067916
8067919
8067923
8067929
8067933
8067942
8067945
8067953
8067955
8067988
8067991
8067992
8068000
8068004
8068009
8068010
8068014
8068019
8068021
8068024
8068030
8068034
8068039
8068044
8068048
8068053
8068057
8068061
8068308
8068314
8068319
8068322
8068327
8068331
8068336
8068343
8068348
8068350
8068356
8068363
8068367
8068373
8068376
8068381
8068385
8068390
8068393
8068395
8068401
8068406
8068410
8068414
8068417
8068420
8068423
8068427
8068431
8068433
8068436
8068440
8068446
8068450
8068453
8068455
8068459
8068462
8068468
8068472
8068474
8068480
8068483
8068488
8068494
8068498
8068501
8068505
8068507
8068510
8068515
8068519
9368138
9368171
9368182
9368267
9368299
9368318
9369758
9691147
12032184
12045901
12047258
12047272
12047317
12047320
12047321
12047330
12047711
12047714
14247145
14329566
14379882
14394623
14394640
