14493202
14493205
14493213
14493217
14493222
14493223
14493224
14493229
14493232
14493237
14493257
14493261
14493274
14493278
14493285
14493288
14493289
14493293
14493303
14493304
14493314
14493316
14493325
14493327
14493331
14493333
14493334
14493335
14493339
14493346
14493347
14493349
14493353
14493355
14493356
14493362
14493365
14493368
14493374
14493377
14493381
14493382
14493384
14493392
14493393
14493407
14493464
14493465
14493471
14493473
14493485
14493486
14493491
14493492
14493500
14493503
14493506
14493510
14493515
14493523
14493536
14493539
14493543
14493548
14493554
14493559
14493562
14493564
14493565
14493571
14493576
14493583
14493589
14493590
14493591
14493606
14493614
14493616
14493633
14493637
14493643
14493646
14493651
14493656
14493657
14493670
14493677
14493678
14493680
14493683
14493685
14493686
14493689
14493700
14493710
14493713
14493721
14493722
14493723
14493726
14493731
14493738
14493739
14493759
14493763
14493764
14493793
14493794
14493796
14493809
14493814
14493818
14493824
14493843
14493853
14493855
14493856
14493886
14493887
14493892
14493906
14493912
14493917
14493928
14493935
14493941
14493946
14493947
14493951
14493962
14493963
14493967
14493971
14493975
14493980
14493988
14493990
14493994
14493999
14494005
14494006
14494010
14494022
14494023
14494026
14494036
14494047
14494053
14494054
14494057
14494059
14494062
14494064
14494065
14494072
14494073
14494078
14494082
14494087
14494088
14494096
14494112
14494131
14494135
14494138
14494149
14494152
14494155
14494160
14494165
14494170
14494176
14494193
14494197
14494202
14494210
14494218
14494231
14494234
14494246
14494249
14494254
14494261
14494264
14494265
14494280
14494290
14494292
14494298
14494305
14494317
14494323
14494326
14494329
14494333
14494335
14494338
14494341
14494343
14494346
14494350
14494365
14494366
14494382
14494410
14494420
14494445
14494446
14494449
14494468
14494471
14494475
14494490
14494502
14494505
14494519
14494527
14494534
14494543
14494550
14494560
14494563
14494564
14494566
14494569
14494573
14494574
14494591
14494608
14494613
14494616
14494619
14494621
14494629
14494633
14494635
14494638
14494643
14494653
14494655
14494660
14494670
14494683
14494690
14494697
14494706
14494718
14494719
14494721
14494732
14494742
14494744
14494752
14494755
14494756
14494768
14494783
14494788
14494789
14494790
14494818
14494821
14494823
14494830
14494837
14494839
14494841
14494845
14494850
14494867
14494882
14494883
14494886
14494891
14494894
14494901
14494907
14494920
14494924
14494928
14494929
14494946
14494953
14494960
14494968
14494973
14494974
14494994
14494997
14494998
14495000
14495010
14495023
14495026
14495028
14495043
14495054
14495055
14495061
14495066
14495070
14495072
14495073
14495074
14495075
14495080
14495083
14495085
14495089
14495091
14495092
14495094
14495096
14495102
14495104
14495115
14495127
14495166
14495167
14495173
14495175
14495189
14495193
14495203
14495204
14495207
14495213
14495237
14495240
14495249
14495264
14495275
14495286
14495291
14495292
14495301
14495307
14495318
14495327
14495328
14495329
14495334
14495339
14495340
14495345
14495353
14495356
14495357
14495358
14495361
14495363
14495368
14495369
14495370
14495382
14495385
14495394
14495401
14495407
14495408
14495410
14495419
14495420
14495426
14495434
14495437
14495439
14495446
14495448
14495453
14495458
14495459
14495466
14495476
14495479
14495481
14495495
14495506
14495515
14495516
14495534
14495546
14495550
14495553
14495556
14495567
14495569
14495576
14495577
14495579
14495580
14495588
14495590
14495593
14495603
14495608
14495614
14495621
14495622
14495624
14495626
14495630
14495632
14495636
14495637
14495638
14495642
14495647
14495655
14495663
14495665
14495669
14495680
14495691
14495694
14495697
14495708
14495714
14495729
14495744
14495750
14495753
14495757
14495772
14495781
14495785
14495797
14495799
14495803
14495804
14495805
14495811
14495819
14495823
14495831
14495833
14495834
14495843
14495848
14495851
14495852
14495857
14495870
14495879
14495880
14495889
14495895
14495909
14495922
14495931
14495937
14495951
14495952
14495958
14495965
14495974
14495981
14495986
14495990
14495991
14496011
14496015
14496032
14496050
14496051
14496057
14496060
14496071
14496073
14496078
14496080
14496085
14496095
14496110
14496111
14496121
14496123
14496136
14496144
14496155
14496158
14496172
14496185
14496190
14496212
14496217
14496220
14496225
14496228
14496235
14496249
14496254
14496259
14496273
14496276
14496278
14496289
14496312
14496314
14496318
14496331
14496337
14496341
14496352
14496357
14496361
14496363
14496372
14496376
14496378
14496384
14496386
14496389
14496390
14496394
14496395
14496412
14496413
14496417
14496420
14496424
14496434
14496438
14496439
14496440
14496446
14496447
14496462
14496488
14496490
14496501
14496506
14496510
14496515
14496518
14496521
14496525
14496532
14496557
14496571
14496577
14496579
14496592
14496604
14496607
14496609
14496610
14496621
14496623
14496624
14496626
14496627
14496628
14496631
14496642
14496647
14496656
14496670
14496677
14496678
14496683
14496690
14496697
14496705
14496709
14496738
14496743
14496752
14496756
14496763
14496773
14496780
14496781
14496782
14496789
14496795
14496815
14496841
14496862
14496866
14496875
14496878
14496884
14496885
14496895
14496900
14496905
14496908
14496920
14496928
14496936
14496950
14496951
14496952
14496954
14496976
14496980
14496985
14496986
14497010
14497011
14497018
14497023
14497027
14497034
14497050
14497064
14497068
14497069
14497080
14497088
14497114
14497118
14497130
14497140
14497157
14497158
14497159
14497174
14497222
14497227
14497231
14497240
14497242
14497247
14497253
14497258
14497267
14497271
14497277
14497280
14497294
14497308
14497314
14497321
14497323
14497333
14497334
14497343
14497350
14497351
14497359
14497374
14497389
14497396
14497397
14497400
14497402
14497403
14497416
14497419
14497428
14497443
14497448
14497462
14497470
14497474
14497489
14497499
14497500
14497510
14497515
14497517
14497520
14497528
14497534
14497540
14497544
14497547
14497548
14497549
14497559
14497570
14497584
14497587
14497589
14497597
14497602
14497628
14497638
14497657
14497661
14497666
14497676
14497678
14497687
14497702
14497732
14497749
14497750
14497751
14497752
14497761
14497762
14497770
14497778
14497779
14497784
14497785
14497798
14497799
14497802
14497807
14497808
14497813
14497824
14497831
14497833
14497864
14497869
14497887
14497902
14497919
14497948
14497962
14497972
14497974
14497991
14498000
14498029
14498048
14498060
14498067
14498073
14498085
14498097
14498100
14498106
14498108
14498115
14498120
14498148
14498150
14498166
14498181
14498208
14498216
14498218
14498225
14498249
14498253
14498257
14498263
14498269
14498280
14498287
14498306
14498312
14498313
14498323
14498329
14498330
14498358
14498367
14498369
14498379
14498387
14498393
14498395
14498409
14498417
14498420
14498425
14498428
14498434
14498436
14498441
14498448
14498454
14498457
14498458
14498460
14498462
14498464
14498468
14498469
14498470
14498473
14498478
14498484
14498501
14498508
14498513
14498514
14498525
14498528
14498532
14498539
14498540
14498545
14498564
14498565
14498566
14498579
14498604
14498605
14498619
14498624
14498626
14498627
14498633
14498642
14498649
14498659
14498666
14498668
14498680
14498682
14498684
14498690
14498697
14498699
14498720
14498727
14498730
14498738
14498745
14498747
14498749
14498760
14498769
14498780
14498782
14498786
14498796
14498797
14498809
14498815
14498819
14498824
14498840
14498841
14498845
14498846
14498847
14498850
14498851
14498853
14498856
14498860
14498861
14498862
14498867
14498873
14498874
14498875
14498889
14498890
14498893
14498901
14498914
14498915
14498924
14498935
14498958
14498963
14498968
14499004
14499012
14499028
14499035
14499036
14499043
14499050
14499058
14499070
14499079
14499085
14499092
14499098
14499120
14499129
14499132
14499134
14499137
14499139
14499144
14499150
14499160
14499171
14499172
14499178
14499191
14499194
14499201
14499212
14499220
14499231
14499248
14499250
14499255
14499265
14499300
14499303
14499304
14499307
14499323
14499326
14499334
14499338
14499339
14499342
14499347
14499349
14499350
14499351
14499353
14499355
14499359
14499361
14499372
14499376
14499378
14499379
14499396
14499404
14499405
14499415
14499428
14499429
14499430
14499433
14499453
14499457
14499462
14499463
14499472
14499474
14499480
14499497
14499507
14499511
14499515
14499520
14499525
14499528
14499530
14499531
14499544
14499548
14499550
14499551
14499552
14499579
14499580
14499585
14499592
14499593
14499598
14499607
14499620
14499626
14499629
14499633
14499645
14499655
14499663
14499670
14499673
14499679
14499683
14499702
14499714
14499723
14499725
14499741
14499744
14499753
14499754
14499758
14499775
14499778
14499782
14499811
14499813
14499830
14499834
14499838
14499842
14499848
14499855
14499858
14499870
14499872
14499877
14499895
14499900
14499902
14499925
14499931
14499940
14499947
14499952
14499962
14499963
14499964
14499967
14499969
14499992
14499994
