13732072
13733260
13733924
13735408
13735443
13735539
13735672
13736222
13736293
13736422
13736580
13736917
13737030
13737524
13737555
13737613
13738954
13739680
13740455
13741275
13741600
13741732
13741857
13741940
13742483
13742924
13743263
13743723
13745312
13746646
13747590
13747839
13747979
13748096
13749532
13749736
13750187
13750416
13750534
13754144
13754260
13754403
13755321
13756365
13758203
13759224
13759430
13759435
13759448
13760396
13760524
13760687
13761358
13762910
13763001
13764634
13766632
13766777
13766887
13766939
13767221
13768342
13768630
13769189
13770794
13771318
13772620
13773110
13773838
13774011
13774117
13774518
13775419
13775631
13776028
13779224
13779231
13779274
13779392
13780278
13781742
13782647
13782761
13785680
13785844
13785946
13786940
13788641
13788663
13790451
13790572
13790802
13790947
13792084
13792093
13792166
13792167
13792304
13792444
13793154
13795396
13795421
13795476
13796055
13796230
13796657
13798696
13798852
13798995
13799800
13801483
13803969
13805215
13805277
13805398
13805549
13805926
13806063
13806182
13807711
13808341
13808530
13809234
13809553
13809869
13810474
13811323
13811583
13811723
13811840
13812845
13812960
13813153
13813518
13815120
13816458
13818029
13818152
13818293
13822119
13822285
13822553
13823037
13823415
13824440
13824588
13824710
13824827
13827778
13827948
13828039
13828408
13828961
13830893
13830955
13831048
13831125
13831246
13831533
13831730
13832670
13833781
13833914
13834291
13834529
13834561
13834841
13834873
13834911
13835265
13835545
13835974
13836071
13836510
13836781
13837199
13837239
13837243
13837253
13837259
13837369
13837438
13837568
13837569
13837706
13840119
13840853
13841650
13842123
13842534
13843003
13843941
13844057
13844074
13844222
13844223
13844842
13844850
13845226
13845502
13845515
13845818
13846127
13846136
13848424
13849256
13849563
13850124
13850301
13850316
13850405
13851302
13851318
13854866
13855159
13855453
13855882
13856626
13856771
13856842
13856900
13857815
13857936
13857957
13857970
13858769
13860349
13862403
13862520
13863250
13863390
13864091
13867572
13868919
13868924
13869179
13869498
13869566
13869569
13869580
13869715
13869868
13869869
13870261
13870883
13871233
13871807
13873280
13873383
13873646
13874335
13875141
13876137
13876181
13876353
13876747
13877193
13877761
13878162
13878661
13880062
13880749
13880808
13880820
13881593
13882448
13882657
13882805
13882836
13883261
13883459
13883462
13883633
13884544
13884888
13885119
13885382
13885732
13888363
13888705
13888708
13888709
13888714
13888716
13888751
13888765
13888789
13888835
13888836
13888840
13888842
13888843
13888848
13888863
13888918
13889011
13889075
13889092
13889127
13889268
13889301
13889663
13889664
13889671
13890924
13894056
13894520
13895617
13895747
13895798
13896140
13896648
13896649
13896651
13896654
13896659
13896666
13896704
13896797
13898151
13898231
13899921
13900431
13902139
13902260
13902313
13902957
13906822
13906823
13907640
13908051
13908484
13908605
13908651
13908666
13910490
13911218
13911494
13912154
13914517
13914932
13915038
13915064
13915411
13915865
13916130
13916784
13917794
13919640
13920747
13920886
13921246
13921414
13921512
13921560
13922692
13922967
13925522
13926832
13927207
13927455
13927895
13928050
13928252
13929348
13930392
13931567
13932355
13932366
13934199
13934399
13934532
13934572
13935833
13936264
13936285
13939558
13939732
13939876
13940806
13940891
13940953
13941694
13941773
13945603
13947319
13947411
13947475
13948050
13948313
13948603
13953745
13953897
13953945
13957625
13960177
13960290
13960357
13961219
13961233
13962290
13966228
13966382
13966667
13966805
13966882
13968405
13970229
13973228
13973360
13973488
13976033
13976398
13977558
13979505
13979654
13979719
13980031
13980112
13984118
13986090
13986179
13986207
13986912
13988836
13989369
13992614
13992742
13992749
13994085
13997801
13999020
13999147
13999173
13999335
13999991
14005455
14005508
14005657
14009310
14009869
14011716
14011821
14011959
14012098
14014311
14015308
14016911
14017454
14018379
14018503
14018624
14018994
14019411
14019436
14022277
14023849
14024881
14024897
14025013
14025078
14025154
14025857
14027269
14028325
14028668
14031433
14031558
14031689
14032666
14033096
14037619
14037870
14037979
14038021
14038158
14044411
14044450
14044581
14047912
14047980
14048217
14048222
14049353
14050798
14050943
14051063
14052722
14054712
14057240
14057322
14057455
14058225
14058348
14060251
14060400
14063697
14063827
14063984
14068935
14070174
14070281
14070297
14070418
14076677
14076753
14076898
14077449
14077857
14079806
14081311
14081316
14081911
14083068
14083208
14083340
14087621
14089576
14089757
14089846
14095981
14096123
14096259
14097500
14099768
14102557
14102690
14102814
14107285
14108998
14109122
14109275
14112759
14115547
14115694
14115831
14120019
14121989
14122128
14122144
14124735
14125255
14125301
14126669
14128435
14128583
14128713
14130838
14132207
14133499
14133968
14134491
14134823
14134964
14135099
14136611
14138660
14141408
14141560
14141705
14143305
14145256
14146021
14146106
14146269
14147324
14147468
14147616
14147685
14147868
14147981
14148130
14150208
14152065
14154326
14154483
14154593
14159529
14160833
14160896
14161021
14161477
14161968
14162356
14163269
14165177
14165182
14165847
14166059
14167094
14167264
14167334
14167358
14168086
14168703
14169885
14170078
14170309
14170393
14172099
14172370
14173629
14174074
14174121
14174792
14175234
14175984
14180162
14180267
14180320
14181961
14182042
14185669
14186635
14186760
14186805
14186823
14188981
14189367
14189556
14189824
14191268
14193082
14193208
14193271
14194137
14194669
14197245
14199574
14199602
14199764
14199823
14200032
14200817
14203950
14203970
14204245
14205942
14206123
14206256
14206326
14206623
14208580
14209491
14210543
14210987
14211695
14212572
14212652
14212693
14212947
14213104
14213765
14214268
14214620
14214996
14218137
14219050
14219159
14219238
14219334
14222325
14223437
14224740
14225468
14225561
14225668
14225765
14227529
14228466
14231914
14232057
14232111
14235778
14236174
14236539
14238346
14238484
14238553
14243159
14243505
14244746
14244887
14244981
14247488
14251312
14251471
14251553
14253062
14254794
14256030
14257672
14257849
14257878
14257958
14258531
14259426
14259870
14262564
14263813
14264205
14264378
14264380
14264428
14267555
14270658
14270797
14270810
14270911
14274732
14274733
14276124
14276912
14277025
14277171
14277250
14277351
14281332
14281762
14283593
14283686
14283731
14283801
14284846
14285516
14286238
14289997
14290164
14290228
14290240
14290710
14293640
14293733
14294031
14294783
14296514
14296642
14296644
14296725
14302031
14302579
14302893
14303027
14303123
14306111
14306127
14306136
14306143
14306147
14306309
14306557
14308529
14309462
14309498
14309534
14309594
14309630
14309684
14311330
14314288
14315002
14315230
14315841
14315972
14316060
14316924
14318382
14319203
14319719
14321018
14322233
14322234
14322388
14322525
14322592
14324674
14325721
14326328
14327596
14327627
14328741
14328747
14328845
14328958
14331337
14333602
14335202
14335358
14335390
14337198
14337694
14339847
14340194
14340517
14341472
14341550
14341695
14341793
14345651
14345878
14345909
14346296
14346436
14348061
14348184
14348274
14348837
14351706
14352496
14352670
14352742
14354439
14354545
14354549
14354619
14354980
14355251
14357182
14357829
14357894
14358804
14358821
14360894
14360909
14360947
14361034
14361091
14361291
14361292
14363649
14365564
14366624
14367421
14367489
14367560
14370162
14371067
14371563
14371665
14371834
14372079
14373718
14373909
14373925
14373951
14376121
14376473
14378375
14379791
14380141
14380286
14380367
14381063
14382277
14384360
14384973
14386619
14386661
14386833
14386891
14389445
14392816
14393038
14393162
14393243
14396247
14397575
14398010
14399420
14399554
14399637
14401378
14403623
14403641
14405558
14405913
14406035
14406087
14406179
14407096
14407640
14408736
14409305
14410323
14412184
14412269
14412389
14412464
14415017
14415853
14415889
14415896
14416024
14416299
14418282
14418516
14418660
14418789
14418841
14418880
14419298
14419307
14419517
14419786
14421242
14422072
14422604
14422773
14422831
14424240
14424794
14425082
14425151
14425153
14425220
14425312
14425492
14426414
14429866
14430645
14431473
14431610
14431615
14431663
14433294
14433683
14434319
14434759
14437406
14438039
14438098
14438168
14438797
14444348
14444520
14444594
14444984
14445332
14450274
14450841
14450985
14451038
14452643
14452774
14453476
14455574
14456747
14456803
14457255
14457372
14457426
14457786
14458967
14459808
14460040
14462192
14463726
14463825
14463880
14463890
14466431
14467559
14470092
14470261
14470276
14470285
14470875
14473852
14477314
14477322
14477811
14477888
14478068
14480342
14480520
14480956
14481821
14482710
14483140
14483226
14483861
14484525
14484594
14484635
14485150
14485189
14485228
14486528
14486938
14488477
14489305
14489434
14489634
14490028
14495267
14496182
14496283
14496735
14496761
14498671
