13660106
13660117
13660233
13663297
13665554
13665892
13666457
13666619
13667030
13670705
13671142
13675970
13676402
13677549
13679156
13682674
13683653
13683829
13688247
13688982
13689109
13689571
13695773
13695799
13695961
13696075
13706102
13706940
13710683
13710752
13711047
13711061
13711095
13711120
13711131
13711201
13711252
13711279
13711336
13711342
13711345
13711380
13711390
13711416
13711567
13711609
13711705
13711799
13711812
13711814
13714006
13714013
13714018
13714027
13714033
13714186
13714510
13714923
13714926
13714948
13714959
13714964
13715298
13715519
13716040
13716200
13718050
13718065
13719188
13720002
13721280
13721842
13722007
13722244
13725766
13729710
13730194
13732579
13732639
13733561
13735888
13736517
13736584
13736705
13736947
13738408
13738579
13738885
13739778
13739794
13739797
13740582
13741816
13743148
13744497
13745310
13745344
13745358
13745767
13746772
13748635
13752559
13753816
13756398
13757486
13758782
13758913
13758915
13758944
13759649
13763980
13766961
13769036
13770042
13771422
13772846
13773453
13773514
13773540
13773735
13777505
13778496
13779682
13779686
13782343
13783689
13787681
13790957
13792451
13792468
13792526
13792548
13797426
13797591
13797877
13797883
13798053
13798066
13798264
13798277
13798459
13798472
13798477
13798744
13799442
13802085
13803303
13803417
13803680
13803909
13803993
13804405
13804554
13804686
13807069
13809007
13809285
13809340
13809558
13813673
13818857
13822702
13822739
13823352
13823894
13823988
13825667
13828146
13832639
13837969
13838099
13838373
13840698
13840909
13841114
13841286
13841776
13842551
13849012
13851668
13854051
13854416
13855766
13855879
13855951
13856016
13856048
13856115
13856651
13856874
13861200
13861859
13862013
13863051
13864914
13870267
13870310
13870360
13874704
13876520
13877001
13877060
13877127
13877407
13878507
13880551
13881033
13882301
13882321
13882341
13884470
13886747
13888198
13888258
13888284
13888351
13888385
13888415
13888419
13888431
13888452
13888473
13888479
13888488
13888518
13888545
13888617
13888717
13888840
13888863
13890011
13890799
13891882
13892853
13893106
13893221
13893279
13893375
13893679
13893744
13893748
13893798
13893842
13893857
13893999
13894140
13894151
13894198
13894210
13894871
13895736
13895748
13895808
13895872
13895897
13895912
13895944
13896153
13896348
13897786
13898711
13898781
13900032
13900078
13900573
13903353
13903356
13903562
13903618
13903627
13903671
13904305
13906198
13906417
13906470
13907043
13907139
13908302
13908431
13908453
13908487
13909485
13909640
13909724
13909753
13909757
13910974
13910988
13911162
13911294
13911418
13911421
13911665
13911777
13911812
13911977
13912843
13914496
13914519
13914712
13915087
13915186
13916641
13916822
13919546
13919992
13920751
13922108
13922720
13923026
13927085
13929023
13930489
13931343
13931993
13932093
13932499
13932622
13934017
13934033
13934042
13934071
13934999
13935057
13937893
13938061
13939458
13940123
13941110
13942926
13942969
13943562
13943570
13948814
13949349
13951829
13955994
13956002
13956007
13958890
13964136
13965494
13965922
13966965
13967041
13971222
13972480
13973696
13978207
13980835
13982801
13984879
13985392
13993523
13993529
13995218
14003619
14003909
14004501
14005589
14006076
14006151
14006200
14006228
14006251
14006259
14010611
14012381
14018250
14022305
14022380
14029009
14029224
14029257
14031478
14034881
14036777
14036941
14037140
14037314
14041399
14042040
14043150
14046343
14048128
14048287
14048379
14048517
14049397
14050439
14052523
14052620
14054361
14054388
14055128
14055208
14055216
14055250
14055419
14055496
14055551
14061779
14064536
14065601
14065607
14065612
14066920
14067981
14068316
14068565
14069759
14070041
14070173
14072870
14074203
14075122
14075687
14075715
14075802
14076599
14076655
14079364
14080313
14081019
14082779
14082817
14082864
14085708
14088128
14089922
14090869
14092191
14094132
14094346
14095145
14095832
14098748
14098765
14100090
14100502
14100612
14100659
14100711
14100795
14100811
14100988
14106107
14106156
14112971
14113010
14113361
14113781
14118587
14119165
14119741
14119797
14119822
14119894
14119901
14119923
14121482
14121603
14121637
14125554
14126539
14127219
14128303
14130727
14131766
14131918
14132723
14132746
14135509
14136467
14138550
14139152
14139528
14144337
14145382
14145477
14157908
14158547
14159191
14159209
14159222
14159585
14159694
14161640
14161705
14161747
14164925
14167532
14167551
14167590
14171016
14171090
14171127
14171239
14171790
14171826
14171863
14171870
14171871
14171873
14172080
14174928
14176273
14176435
14177186
14177643
14177808
14179389
14179905
14180048
14180147
14180475
14180922
14184632
14184885
14185836
14185895
14187885
14189662
14189666
14191167
14192887
14192891
14192892
14193606
14193653
14193754
14194505
14194557
14198245
14198566
14198632
14203370
14203809
14203944
14204419
14204489
14205124
14205137
14205195
14205199
14205203
14205206
14205253
14205292
14205332
14205335
14205348
14205392
14205395
14205415
14205429
14205440
14205995
14206086
14206439
14206487
14206497
14206510
14206545
14206581
14206634
14206635
14212134
14213099
14213335
14213399
14215733
14215840
14215913
14215963
14216022
14216607
14216842
14217361
14218389
14221124
14221125
14222616
14222643
14222711
14222904
14222974
14223057
14223062
14223065
14223077
14223130
14223146
14223148
14223153
14223244
14223259
14223284
14223630
14223656
14223660
14223665
14223680
14223702
14223709
14223713
14223817
14223823
14223907
14224225
14225468
14225475
14225489
14225499
14225553
14226062
14226553
14226634
14227208
14229429
14229487
14229505
14229588
14231894
14231902
14231921
14231924
14231948
14232184
14234781
14235300
14235315
14235322
14235834
14235856
14235885
14235889
14236057
14236072
14236325
14236357
14236383
14236394
14236853
14237095
14237156
14238239
14238491
14238585
14239377
14240740
14243162
14244290
14245667
14246131
14246158
14246232
14246948
14248501
14248824
14248888
14248900
14248916
14248932
14249689
14249892
14250320
14250429
14251162
14251302
14254498
14254530
14254987
14254994
14255005
14255881
14255940
14256157
14261422
14261644
14261723
14261806
14261870
14262407
14262718
14262834
14263128
14264439
14265264
14265540
14266762
14267035
14267291
14267317
14268069
14268166
14268181
14268230
14268551
14268650
14268655
14268660
14268827
14269000
14269057
14269428
14270907
14270924
14270947
14272038
14272421
14273873
14274037
14274134
14274214
14274269
14274313
14274863
14274901
14275309
14275317
14275590
14275673
14275760
14275790
14275801
14275824
14275855
14275942
14276146
14276468
14276483
14276499
14276554
14280331
14280599
14283339
14286683
14288161
14288167
14288262
14288687
14293857
14293936
14294615
14295030
14295354
14296415
14296589
14297329
14297349
14298929
14298986
14299179
14299194
14299241
14299521
14300448
14300592
14300853
14301695
14302269
14302514
14302604
14302858
14303099
14303204
14306029
14306315
14307544
14309679
14313738
14313824
14314138
14314872
14320422
14320542
14320579
14320604
14320664
14320692
14320753
14320781
14320804
14321292
14321865
14322692
14325413
14325488
14327044
14333419
14333532
14335199
14340337
14341206
14343063
14343079
14343106
14345035
14346257
14351965
14351977
14352153
14352476
14352858
14353595
14353658
14354073
14355125
14355505
14357768
14357968
14358067
14358190
14358313
14358555
14358952
14359633
14360349
14360572
14360670
14361310
14361386
14361491
14361999
14363478
14363567
14363886
14364702
14364894
14365295
14365318
14365362
14366359
14366447
14366488
14367450
14368095
14372308
14372424
14377387
14378054
14378094
14378116
14378143
14378193
14378216
14378453
14378980
14379034
14380007
14380203
14381952
14383247
14383283
14383361
14384105
14384670
14384993
14385067
14385242
14385262
14385279
14386327
14386974
14387211
14387949
14389019
14389187
14389203
14389650
14389942
14390016
14390019
14390862
14392248
14392264
14398228
14399000
14399086
14399590
14405209
14406437
14409417
14410075
14410248
14410262
14410703
14411584
14412025
14414594
14414617
14414640
14416031
14416700
14417368
14417788
14417845
14423762
14429354
14429604
14431434
14431456
14431463
14431468
14431473
14434830
14435076
14435187
14435214
14435560
14435890
14435966
14435984
14436001
14436186
14441010
14442136
14442635
14442899
14443305
14443706
14443750
14445884
14447182
14447466
14447511
14447638
14447903
14447908
14447977
14447983
14448142
14448156
14448287
14448378
14448380
14448383
14448510
14448821
14448829
14449747
14450584
14450682
14450694
14453863
14453928
14454452
14455055
14455729
14455741
14456636
14457392
14458780
14461028
14461048
14462756
14467597
14468466
14469391
14470246
14470253
14470293
14470318
14471687
14473139
14473574
14474588
14474615
14477130
14477417
14477430
14477604
14478446
14479918
14480222
14480231
14480399
14480406
14480426
14481290
14482464
14483082
14483168
14483243
14483693
14487175
14487370
14487949
14488053
14488117
14488183
14491938
14494201
14494486
14495606
14495935
14496189
14499684
14499713
