13749349
13751803
13760549
13760574
13761755
13761760
13762331
13774146
13797708
13797728
13908495
13909934
13910203
13910258
13910276
13910290
13910337
13910346
13910620
13910640
13910644
13910647
13910757
13910761
13910764
13915566
13915574
13949296
13992325
13992715
14006381
14020523
14020574
14020744
14020748
14020764
14020812
14020814
14020913
14023798
14023800
14023981
14024869
14024873
14027896
14027972
14028033
14028191
14028198
14033390
14033404
14038957
14038966
14039058
14039077
14039083
14090248
14090285
14130668
14130672
14130674
14130678
14131333
14134603
14134933
14134943
14134951
14135982
14136052
14136144
14136411
14136453
14137104
14137393
14137481
14137968
14138127
14138131
14138134
14138144
14138779
14139197
14141048
14142332
14148763
14148855
14148862
14149387
14149462
14149550
14149975
14150068
14151078
14151269
14151270
14151691
14151856
14152783
14153433
14154190
14154225
14157693
14158014
14159222
14161197
14161270
14162254
14162387
14166535
14166627
14170239
14170587
14171579
14178259
14179256
14179262
14179266
14185153
14191849
14194327
14196812
14198377
14200817
14200826
14200832
14201255
14208847
14210898
14212824
14228196
14237300
14237740
14237790
14237812
14240607
14240644
14240975
14241112
14248141
14248161
14256856
14257542
14259475
14262577
14262671
14262709
14262846
14263035
14264629
14270366
14270415
14273260
14274624
14274638
14274641
14275914
14276486
14278791
14278857
14281055
14282912
14283014
14283024
14283026
14284807
14285357
14287354
14287360
14296575
14296760
14297972
14301467
14302319
14308046
14311626
14311634
14311663
14311682
14311739
14311746
14311747
14311765
14311847
14311857
14311862
14325194
14327577
14327942
14327944
14327945
14331969
14331972
14332217
14332229
14332231
14334861
14337265
14337540
14337541
14337560
14339052
14346873
14348275
14348279
14348288
14353182
14353191
14353741
14354184
14354187
14359535
14359539
14359684
14362476
14364721
14367124
14367130
14367141
14372586
14372953
14383620
14383634
14383895
14383896
14383900
14383947
14386019
14389015
14389748
14390974
14393236
14393239
14393255
14393362
14396100
14396101
14396704
14398103
14399922
14399925
14399928
14410047
14410048
14410050
14410158
14410703
14410767
14413217
14415056
14425615
14428798
14429783
14429802
14429807
14429812
14429817
14429858
14431756
14432204
14432236
14432553
14450885
14452484
14452919
14455137
14458742
14459248
14459250
14459256
14459291
14459296
14459300
14459338
14460516
14460521
14471722
14471728
14471730
14471751
14471755
14473292
14474297
14478171
14478174
14479310
14479812
14479829
14480138
14496941
14498991
14498997
