13669535
13672107
13673021
13673886
13676227
13676389
13682582
13682899
13683027
13683062
13683095
13683112
13683141
13683183
13685581
13685899
13686058
13686690
13687664
13687783
13688016
13688781
13689507
13692461
13693082
13695069
13695079
13695842
13697307
13699401
13699971
13700637
13701505
13701597
13706061
13706566
13707981
13708475
13709421
13713485
13714099
13714367
13714806
13714887
13715156
13715196
13715310
13720132
13720506
13720595
13721408
13722093
13724800
13724855
13724877
13725355
13725557
13727182
13727324
13727388
13727405
13728972
13729493
13729609
13730010
13730011
13730207
13732661
13732702
13732800
13733006
13733162
13733164
13738652
13738663
13738667
13739387
13740293
13744453
13745902
13746145
13747090
13747107
13748087
13748164
13750005
13750410
13750503
13750653
13751489
13751548
13752330
13752343
13752692
13752951
13752989
13753104
13753406
13753446
13753475
13753489
13753676
13753787
13754528
13755439
13756444
13756446
13756652
13757148
13757152
13757168
13757173
13757656
13757801
13757819
13757855
13758250
13758262
13758659
13758678
13758688
13758913
13759118
13759140
13760177
13760183
13760461
13760469
13761247
13761847
13762277
13763064
13763084
13763328
13763335
13763355
13763357
13763889
13763991
13764179
13764245
13764393
13764395
13764890
13765940
13765941
13766603
13767313
13767348
13768265
13769133
13769161
13769225
13769229
13770755
13770839
13771030
13771510
13772114
13772264
13776458
13776565
13777020
13777402
13777507
13777935
13778159
13778192
13778505
13779951
13780189
13783288
13783290
13783296
13783953
13784063
13784065
13784174
13784495
13786888
13787687
13787706
13788354
13788367
13788407
13788455
13788461
13788469
13788498
13788668
13788839
13790046
13790324
13790466
13790695
13790788
13793341
13794085
13794404
13794471
13794572
13796103
13796329
13796583
13796631
13796699
13797182
13797539
13797643
13798163
13798850
13799088
13800690
13802142
13802338
13802540
13802566
13803302
13803332
13803416
13803418
13803922
13803966
13804840
13804872
13805134
13805178
13805513
13806275
13806696
13807134
13807257
13808343
13808348
13808441
13808705
13809082
13809221
13809269
13809525
13809882
13810609
13813189
13815025
13815827
13816089
13818257
13818539
13819538
13822756
13823138
13823470
13825658
13827159
13827493
13827697
13828330
13828742
13828937
13831185
13831193
13831950
13832002
13832191
13833465
13834567
13835041
13835080
13835443
13839558
13839933
13841649
13841794
13844853
13845026
13845070
13846151
13846926
13847647
13847779
13848096
13848329
13848869
13849073
13849855
13849897
13850895
13853518
13853667
13854867
13856108
13858190
13858242
13859948
13860509
13860982
13860993
13864341
13865608
13866496
13867051
13867147
13867167
13867176
13867180
13867624
13867843
13868806
13870541
13870548
13870958
13871370
13872112
13873410
13874102
13874135
13874304
13874771
13874791
13874831
13874848
13875937
13875938
13876780
13877416
13877594
13877714
13878495
13880218
13880220
13880531
13881493
13881496
13881516
13881523
13881526
13882680
13883114
13883277
13883279
13885061
13885826
13886524
13886554
13886932
13886987
13887301
13887635
13895877
13896308
13898438
13898801
13899099
13899824
13899880
13900036
13900240
13901900
13902001
13902546
13902549
13904246
13904248
13904258
13905358
13906013
13907345
13908129
13908779
13910032
13910033
13910974
13910976
13910984
13912551
13913821
13914681
13916456
13916667
13917629
13921650
13923137
13923234
13923815
13924276
13925003
13925241
13925581
13925958
13925986
13926114
13927635
13928081
13931541
13933904
13938274
13938288
13938797
13938816
13947616
13948796
13948819
13952030
13953910
13954030
13954199
13957234
13957272
13958435
13959352
13961379
13961756
13961967
13962000
13967597
13973783
13974458
13980107
13980953
13980981
13983141
13984214
13984218
13988621
13990117
13990206
13992419
13994630
13995322
13996517
13998854
14000231
14003102
14003117
14003379
14009909
14009910
14010065
14010668
14015347
14015348
14015879
14016138
14016214
14016768
14018313
14018579
14019277
14021794
14022031
14022123
14022659
14022662
14022849
14023207
14023755
14024170
14031140
14031253
14032934
14033037
14033873
14034645
14034661
14036426
14039996
14040021
14040154
14040270
14040831
14043987
14044262
14046697
14048693
14048747
14048771
14048782
14049255
14051842
14052425
14052428
14054807
14054833
14054926
14055312
14056085
14056246
14056847
14056960
14057211
14058409
14058416
14058897
14060429
14061001
14063346
14065533
14067235
14068289
14068317
14068361
14070290
14070481
14071780
14072433
14072648
14073671
14074008
14074022
14074761
14074779
14075330
14075466
14076017
14076020
14076028
14077213
14077773
14078188
14078371
14078376
14078778
14078805
14079818
14079889
14079974
14080429
14080461
14080948
14080957
14080990
14082129
14083498
14084597
14087694
14087746
14087772
14087803
14093663
14094013
14094029
14094417
14095343
14095459
14095481
14097038
14100345
14104164
14105974
14107128
14108088
14111172
14116145
14117065
14120759
14124374
14125784
14127063
14131886
14132433
14132444
14132522
14132744
14133401
14133404
14134441
14138121
14138139
14139283
14143098
14144264
14144892
14145533
14145683
14145691
14145903
14146216
14146318
14146721
14148618
14150640
14150642
14150731
14151751
14153424
14153480
14154580
14154899
14157857
14158117
14161364
14163788
14165406
14165765
14166918
14170565
14170709
14170714
14175602
14179754
14180785
14183191
14183662
14184877
14184918
14184976
14185562
14189407
14189587
14189785
14190767
14190797
14195329
14195803
14197193
14197220
14197244
14198145
14200286
14203032
14203505
14203909
14205996
14206261
14206264
14206403
14206487
14208533
14209248
14209337
14209758
14209765
14209841
14210220
14210371
14210400
14210470
14211477
14211502
14211829
14211856
14212023
14213124
14213126
14215637
14216387
14218350
14221435
14222350
14222976
14223020
14223764
14228615
14228647
14231413
14232204
14232261
14232268
14232381
14232388
14232395
14232452
14232791
14232814
14232821
14233662
14233931
14234062
14234213
14234526
14234955
14235339
14235491
14235503
14235522
14235919
14236080
14236645
14236811
14237408
14237413
14238470
14238688
14239419
14239498
14241326
14241370
14242460
14242494
14242586
14243010
14243016
14243372
14243418
14243430
14244317
14244463
14244624
14245014
14246132
14247709
14247732
14247907
14247947
14247952
14248410
14248573
14248878
14255292
14255693
14255743
14256014
14260806
14261094
14261502
14261723
14261932
14262011
14262021
14262024
14262026
14262254
14262367
14263593
14265666
14266481
14266486
14267711
14267967
14268226
14268240
14268250
14269706
14269963
14271347
14272040
14274096
14274759
14274886
14275659
14279866
14281051
14281288
14281326
14281460
14281566
14282788
14282923
14284727
14286529
14286652
14287382
14289793
14291901
14292217
14294552
14295177
14295190
14298484
14298510
14299133
14299138
14299562
14299723
14300202
14300849
14300857
14301210
14301840
14302274
14305079
14308477
14308515
14308520
14313375
14313396
14314640
14314642
14315595
14319916
14319940
14319989
14320051
14320054
14321490
14322961
14323051
14325110
14325540
14325749
14326051
14327189
14327768
14328309
14329660
14329744
14330721
14330801
14330839
14330883
14332870
14332874
14333042
14333598
14339151
14339361
14339550
14339590
14339598
14341221
14341378
14341740
14344861
14345378
14345420
14345444
14345889
14346070
14346302
14346343
14347944
14347948
14347950
14348052
14348054
14348057
14348131
14348253
14348369
14348468
14348487
14349658
14350764
14351500
14351968
14352125
14352164
14352271
14352417
14352679
14352742
14352792
14353621
14354446
14355005
14355113
14355577
14359513
14359728
14360361
14360447
14361288
14361798
14362782
14362927
14364309
14365374
14365445
14366004
14370479
14371148
14371864
14372990
14374138
14375494
14375594
14375768
14375812
14376722
14376739
14377649
14377705
14378060
14378261
14382087
14382635
14382671
14383902
14384154
14384159
14386164
14386618
14387992
14388054
14396802
14397475
14397905
14397958
14397964
14398353
14401818
14402647
14402752
14403095
14403789
14410203
14411848
14412609
14414692
14414718
14416565
14416707
14417079
14421036
14421829
14422972
14424604
14426733
14427328
14427698
14430137
14430517
14431566
14436245
14436529
14436537
14437065
14437110
14437642
14439817
14439998
14440884
14440885
14441447
14442150
14443450
14443481
14447353
14448520
14448525
14448530
14448943
14449217
14449218
14449360
14449466
14449581
14450306
14450309
14453351
14454437
14454443
14455136
14455138
14455690
14456303
14456332
14458790
14459550
14459552
14460939
14460962
14461303
14463025
14464915
14464917
14466143
14466768
14467499
14469144
14470397
14474202
14474246
14474562
14476706
14476708
14478565
14478864
14478868
14479530
14479662
14479972
14480988
14480991
14483407
14484225
14484698
14485096
14485481
14485857
14486480
14486483
14486484
14486524
14486536
14486675
14487271
14487355
14492432
14492599
14492697
14492730
14494086
14495167
14495651
14496288
14499132
14499191
14499192
14499806
