14498310
14498311
14498312
14498313
14498315
14498317
14498318
14498321
14498324
14498325
14498329
14498330
14498331
14498332
14498333
14498334
14498335
14498337
14498340
14498341
14498344
14498346
14498350
14498351
14498352
14498353
14498355
14498356
14498357
14498358
14498361
14498362
14498364
14498366
14498367
14498368
14498369
14498370
14498373
14498374
14498375
14498378
14498379
14498380
14498385
14498386
14498387
14498388
14498390
14498392
14498393
14498394
14498397
14498398
14498399
14498400
14498402
14498403
14498404
14498406
14498409
14498414
14498415
14498417
14498418
14498419
14498420
14498423
14498425
14498426
14498427
14498428
14498430
14498431
14498432
14498437
14498438
14498439
14498442
14498443
14498445
14498447
14498448
14498450
14498453
14498454
14498455
14498456
14498457
14498458
14498459
14498460
14498462
14498463
14498464
14498465
14498467
14498468
14498470
14498471
14498474
14498476
14498478
14498480
14498481
14498484
14498487
14498488
14498489
14498491
14498494
14498495
14498496
14498499
14498501
14498503
14498504
14498505
14498507
14498509
14498510
14498512
14498513
14498517
14498518
14498519
14498521
14498522
14498523
14498524
14498528
14498529
14498530
14498531
14498533
14498538
14498540
14498541
14498542
14498543
14498544
14498545
14498546
14498547
14498551
14498552
14498553
14498555
14498558
14498559
14498565
14498566
14498567
14498571
14498573
14498576
14498577
14498578
14498580
14498585
14498587
14498588
14498589
14498590
14498591
14498593
14498599
14498601
14498602
14498604
14498606
14498607
14498608
14498609
14498610
14498612
14498614
14498615
14498619
14498621
14498625
14498626
14498627
14498628
14498630
14498631
14498633
14498635
14498637
14498639
14498640
14498641
14498642
14498643
14498644
14498645
14498647
14498648
14498651
14498652
14498655
14498658
14498661
14498662
14498664
14498666
14498669
14498670
14498672
14498673
14498675
14498676
14498678
14498679
14498680
14498683
14498684
14498685
14498687
14498690
14498691
14498692
14498693
14498695
14498696
14498697
14498698
14498700
14498701
14498705
14498708
14498710
14498712
14498713
14498714
14498716
14498717
14498718
14498720
14498721
14498722
14498724
14498725
14498726
14498727
14498728
14498729
14498730
14498734
14498735
14498737
14498739
14498740
14498743
14498744
14498745
14498748
14498749
14498750
14498754
14498755
14498756
14498757
14498758
14498759
14498763
14498764
14498765
14498766
14498767
14498768
14498769
14498770
14498772
14498773
14498774
14498776
14498778
14498780
14498781
14498785
14498786
14498787
14498788
14498789
14498790
14498791
14498792
14498793
14498794
14498796
14498797
14498798
14498799
14498802
14498805
14498809
14498811
14498812
14498814
14498815
14498816
14498817
14498819
14498821
14498823
14498824
14498825
14498830
14498831
14498833
14498834
14498835
14498837
14498838
14498841
14498842
14498843
14498844
14498847
14498849
14498850
14498851
14498852
14498853
14498855
14498857
14498860
14498861
14498862
14498867
14498868
14498871
14498873
14498874
14498875
14498878
14498880
14498881
14498882
14498883
14498884
14498885
14498888
14498889
14498890
14498891
14498897
14498899
14498901
14498906
14498907
14498908
14498909
14498910
14498911
14498913
14498914
14498919
14498920
14498922
14498924
14498925
14498927
14498928
14498930
14498931
14498933
14498935
14498939
14498941
14498945
14498947
14498949
14498952
14498953
14498955
14498956
14498958
14498959
14498961
14498962
14498964
14498965
14498971
14498976
14498977
14498978
14498984
14498985
14498986
14498988
14498990
14498991
14498993
14498994
14498997
14498998
14498999
14499000
14499002
14499004
14499009
14499011
14499014
14499017
14499019
14499020
14499027
14499028
14499029
14499031
14499032
14499035
14499036
14499039
14499040
14499041
14499042
14499043
14499044
14499046
14499048
14499050
14499052
14499056
14499058
14499061
14499064
14499065
14499066
14499068
14499069
14499071
14499072
14499073
14499076
14499080
14499081
14499082
14499083
14499084
14499087
14499088
14499089
14499091
14499093
14499094
14499095
14499096
14499097
14499098
14499099
14499100
14499101
14499102
14499104
14499108
14499109
14499111
14499112
14499113
14499114
14499120
14499121
14499124
14499125
14499126
14499129
14499131
14499132
14499133
14499134
14499136
14499137
14499139
14499142
14499143
14499144
14499145
14499146
14499147
14499149
14499151
14499152
14499155
14499157
14499158
14499159
14499163
14499166
14499167
14499171
14499172
14499178
14499179
14499182
14499183
14499185
14499192
14499193
14499194
14499195
14499196
14499197
14499199
14499200
14499202
14499203
14499205
14499206
14499207
14499208
14499209
14499210
14499211
14499214
14499216
14499218
14499220
14499221
14499223
14499224
14499229
14499234
14499236
14499237
14499238
14499240
14499242
14499243
14499245
14499246
14499248
14499249
14499250
14499251
14499254
14499255
14499257
14499259
14499261
14499263
14499264
14499267
14499268
14499269
14499271
14499273
14499274
14499276
14499278
14499280
14499281
14499283
14499284
14499285
14499288
14499289
14499291
14499292
14499295
14499297
14499299
14499302
14499303
14499305
14499306
14499308
14499311
14499312
14499313
14499315
14499316
14499317
14499318
14499319
14499320
14499321
14499323
14499326
14499327
14499328
14499329
14499330
14499331
14499333
14499334
14499335
14499336
14499337
14499338
14499343
14499344
14499347
14499348
14499349
14499350
14499354
14499357
14499359
14499361
14499363
14499364
14499365
14499366
14499369
14499372
14499373
14499375
14499376
14499377
14499378
14499379
14499381
14499382
14499383
14499384
14499387
14499390
14499391
14499392
14499393
14499395
14499396
14499397
14499400
14499404
14499405
14499407
14499409
14499411
14499413
14499415
14499416
14499417
14499418
14499419
14499420
14499421
14499422
14499424
14499425
14499428
14499430
14499434
14499436
14499437
14499439
14499441
14499443
14499445
14499448
14499450
14499451
14499453
14499454
14499455
14499457
14499458
14499460
14499461
14499462
14499464
14499465
14499469
14499470
14499472
14499473
14499474
14499475
14499476
14499477
14499478
14499479
14499480
14499481
14499482
14499483
14499484
14499485
14499487
14499488
14499489
14499491
14499492
14499496
14499498
14499499
14499500
14499502
14499506
14499507
14499508
14499510
14499513
14499514
14499516
14499518
14499522
14499523
14499524
14499527
14499528
14499530
14499531
14499533
14499536
14499537
14499539
14499542
14499543
14499544
14499547
14499549
14499550
14499551
14499552
14499553
14499555
14499557
14499560
14499561
14499562
14499563
14499564
14499565
14499567
14499571
14499572
14499574
14499575
14499576
14499579
14499580
14499581
14499585
14499586
14499587
14499589
14499591
14499592
14499593
14499594
14499595
14499596
14499597
14499600
14499602
14499604
14499607
14499608
14499609
14499610
14499613
14499617
14499618
14499619
14499622
14499623
14499624
14499625
14499626
14499627
14499628
14499630
14499633
14499634
14499635
14499636
14499640
14499641
14499642
14499644
14499645
14499647
14499650
14499651
14499654
14499655
14499656
14499657
14499659
14499660
14499661
14499663
14499664
14499666
14499667
14499669
14499671
14499675
14499677
14499678
14499679
14499680
14499682
14499683
14499686
14499687
14499688
14499690
14499691
14499692
14499694
14499695
14499698
14499700
14499702
14499703
14499704
14499705
14499707
14499711
14499712
14499714
14499715
14499716
14499717
14499720
14499721
14499722
14499723
14499724
14499725
14499726
14499727
14499728
14499730
14499731
14499735
14499736
14499737
14499738
14499739
14499741
14499743
14499745
14499751
14499752
14499753
14499756
14499759
14499760
14499761
14499765
14499766
14499767
14499768
14499770
14499771
14499774
14499775
14499776
14499777
14499780
14499783
14499785
14499786
14499788
14499791
14499794
14499795
14499796
14499797
14499798
14499799
14499801
14499802
14499805
14499806
14499807
14499808
14499809
14499810
14499811
14499812
14499813
14499817
14499818
14499819
14499821
14499822
14499824
14499827
14499828
14499830
14499831
14499832
14499835
14499836
14499837
14499838
14499839
14499840
14499844
14499845
14499847
14499848
14499849
14499851
14499852
14499853
14499854
14499855
14499856
14499857
14499859
14499865
14499866
14499867
14499868
14499869
14499870
14499872
14499873
14499875
14499876
14499877
14499878
14499880
14499881
14499882
14499883
14499888
14499889
14499892
14499893
14499894
14499895
14499896
14499897
14499898
14499899
14499900
14499901
14499903
14499904
14499905
14499906
14499907
14499908
14499911
14499912
14499913
14499915
14499917
14499919
14499921
14499922
14499923
14499924
14499925
14499927
14499928
14499930
14499931
14499932
14499934
14499935
14499937
14499938
14499940
14499941
14499942
14499943
14499944
14499947
14499949
14499950
14499951
14499952
14499955
14499956
14499957
14499959
14499960
14499962
14499963
14499964
14499968
14499971
14499973
14499974
14499975
14499979
14499980
14499981
14499982
14499985
14499986
14499987
14499989
14499991
14499993
14499995
14499996
14499997
14499998
14499999
