14353719
14353744
14353897
14353948
14354027
14354138
14354201
14354220
14354327
14354385
14354449
14354480
14354489
14354520
14354521
14354616
14354651
14354661
14354721
14354895
14354925
14354939
14354941
14354968
14355070
14355125
14355282
14355369
14355394
14355423
14355485
14355489
14355558
14355577
14355801
14355996
14356014
14356104
14356109
14356344
14356600
14356703
14356706
14356746
14356820
14356899
14357085
14357187
14357269
14357274
14357484
14357607
14357751
14357852
14357859
14358066
14358223
14358237
14358263
14358404
14358533
14358568
14358581
14358588
14358692
14359042
14359061
14359366
14359428
14359514
14359610
14359748
14360013
14360062
14360154
14360242
14360288
14360327
14360374
14360647
14360698
14360847
14360867
14360918
14360944
14360990
14360999
14361091
14361514
14361672
14361730
14361731
14361879
14361917
14361984
14361989
14362114
14362228
14362277
14362454
14362487
14362563
14362565
14362588
14362826
14362848
14363018
14363299
14363361
14363369
14363399
14363648
14363655
14363758
14364293
14364308
14364482
14364508
14364613
14364685
14364765
14364803
14364866
14364967
14365011
14365251
14365291
14365394
14365448
14365455
14365527
14365951
14365973
14366069
14366115
14366149
14366230
14366263
14366326
14366546
14366595
14366614
14366789
14366801
14366986
14367129
14367233
14367238
14367259
14367390
14367444
14367463
14367469
14367503
14367651
14367709
14368730
14368731
14368753
14368822
14368835
14369103
14369423
14369427
14369488
14369548
14369728
14369755
14369787
14370001
14370151
14370234
14370298
14370521
14370599
14370613
14370773
14370852
14370874
14370876
14371044
14371202
14371293
14371338
14371339
14371388
14371391
14371434
14371552
14371834
14371835
14372028
14372037
14372054
14372055
14372064
14372102
14372214
14372262
14372284
14372314
14372329
14372340
14372479
14372488
14372494
14372554
14373368
14373383
14373386
14373728
14373744
14373771
14373772
14373936
14373951
14374114
14374152
14374318
14375224
14375262
14375441
14375837
14375887
14376006
14376021
14376100
14376150
14376200
14376330
14376392
14376453
14376485
14376513
14376674
14376722
14376762
14376788
14376923
14376956
14376994
14377009
14377341
14377363
14377372
14377405
14377415
14377427
14377490
14377526
14377556
14377559
14377627
14377794
14377834
14377835
14377852
14377863
14378207
14378226
14378230
14378251
14378411
14378437
14378568
14378581
14378747
14379020
14379095
14379168
14379258
14379449
14379515
14379673
14380031
14380197
14380352
14380400
14380503
14380544
14380612
14380806
14381091
14381112
14381290
14381387
14381451
14381476
14381503
14381606
14381936
14382016
14382042
14382190
14382251
14382564
14382672
14382817
14382875
14383017
14383042
14383070
14383391
14383403
14383461
14383990
14384065
14384310
14384580
14384584
14384671
14384676
14384827
14384846
14384877
14384960
14385006
14385106
14385120
14385128
14385285
14385330
14385365
14385385
14385390
14385397
14385407
14385647
14385648
14385784
14385821
14385955
14385965
14386018
14386054
14386076
14386095
14386139
14386156
14386166
14386188
14386502
14386618
14386633
14386655
14386778
14386889
14387261
14387429
14387547
14387588
14387684
14387794
14387893
14387905
14387911
14387912
14387922
14387935
14388129
14388164
14388357
14388539
14388574
14388620
14388631
14388671
14388790
14388821
14388865
14388964
14388978
14388982
14388998
14389033
14389050
14389090
14389112
14389117
14389131
14389152
14389154
14389156
14389163
14389177
14389181
14389193
14389222
14389224
14389231
14389303
14389523
14389612
14389671
14389734
14389757
14389794
14389977
14390314
14390606
14390860
14390904
14390907
14391003
14391097
14391260
14391269
14391493
14391881
14391896
14391904
14391979
14392264
14392325
14392434
14394092
14394172
14394246
14394470
14394476
14394515
14394523
14394593
14394682
14394739
14394805
14394917
14394987
14395471
14395581
14395683
14395692
14395870
14395917
14396340
14396412
14396413
14396428
14396879
14397387
14397407
14397471
14397839
14398180
14398309
14398353
14398367
14398439
14398729
14398764
14398777
14398780
14399325
14399355
14399446
14399458
14399661
14399678
14400466
14400552
14400734
14400737
14400838
14400950
14401026
14401513
14401538
14401580
14401921
14402424
14402475
14402477
14402485
14402621
14402750
14402764
14402798
14402837
14403548
14403560
14403580
14403607
14403667
14403830
14403848
14403981
14404025
14405333
14406243
14407613
14409269
14409276
14409985
14410067
14410208
14410432
14410455
14410542
14411029
14411156
14411208
14411211
14411288
14411675
14411734
14411794
14411835
14411951
14412373
14412481
14412483
14412491
14412518
14412523
14412540
14412544
14412565
14412576
14412740
14412811
14412901
14413243
14413372
14413756
14414108
14414122
14414253
14414355
14414363
14414400
14414580
14414816
14414824
14415193
14415334
14415404
14415533
14415771
14415893
14416140
14416197
14416284
14416285
14416389
14416648
14416722
14416767
14416823
14416936
14417047
14417060
14417092
14417101
14417380
14417452
14417496
14417566
14417653
14417677
14417708
14418045
14418052
14418279
14418661
14418895
14418958
14419094
14419099
14419170
14420469
14420520
14420562
14420579
14420697
14420970
14421193
14421418
14421485
14421761
14421800
14422261
14422362
14422479
14422652
14422662
14422679
14422868
14422970
14423013
14423057
14423268
14423273
14423638
14423784
14423935
14424424
14424488
14424508
14424555
14424567
14424584
14424599
14424626
14424702
14424710
14424746
14424781
14424959
14425299
14426135
14426263
14426563
14427125
14427344
14427622
14428045
14428464
14428465
14428701
14429270
14429328
14429336
14429391
14429888
14429911
14429976
14429991
14430118
14430380
14430515
14430742
14431050
14431053
14431054
14431256
14431722
14432301
14432496
14432535
14433023
14433117
14433143
14433284
14433622
14433811
14434011
14434245
14434492
14434753
14434770
14434871
14434996
14435247
14435268
14435536
14435781
14435809
14435932
14436396
14436614
14436975
14437487
14438958
14439039
14439510
14439578
14440331
14440624
14440777
14440903
14440906
14441004
14441374
14441390
14441864
14442456
14442462
14442822
14443490
14443810
14444451
14444485
14444860
14445019
14446065
14446159
14446830
14447036
14447419
14448097
14448578
14448901
14449020
14449224
14449232
14449949
14450885
14451238
14451457
14451504
14451589
14451774
14451918
14452385
14452387
14452400
14452839
14453221
14453686
14453758
14453809
14453880
14453909
14453928
14454026
14454037
14454319
14454649
14454804
14454831
14454853
14454974
14454994
14455261
14455270
14455447
14455502
14455509
14455919
14456756
14457978
14458060
14458126
14458482
14458666
14458744
14459297
14459898
14459981
14460008
14460723
14460905
14460991
14461335
14461379
14461541
14461913
14462469
14462473
14462536
14463215
14463750
14463789
14463813
14463933
14463954
14464003
14464051
14464068
14464117
14464141
14464382
14464386
14464696
14464752
14464758
14464760
14464771
14464777
14464794
14464804
14464809
14464885
14464888
14464909
14464980
14464993
14465069
14465214
14465257
14465348
14465387
14465393
14465672
14465686
14465697
14465796
14466013
14466018
14466028
14466387
14466601
14466608
14466839
14466902
14467292
14467298
14467305
14467398
14467518
14467645
14467790
14467806
14467810
14468129
14468137
14468139
14468163
14468197
14468200
14468203
14468217
14468326
14468448
14468524
14468599
14468602
14468632
14468832
14468869
14468907
14469134
14469153
14469723
14469733
14470371
14470465
14470506
14470744
14470762
14470930
14471641
14471782
14471848
14472112
14472138
14472144
14472169
14472730
14472821
14473266
14473719
14473798
14474211
14474704
14474857
14474895
14475068
14475132
14475404
14475491
14475679
14476075
14476162
14476442
14476901
14477029
14477262
14477291
14477386
14477473
14477479
14477505
14477603
14477908
14478081
14478381
14478443
14478501
14478608
14478765
14479169
14479641
14479674
14479789
14479811
14479855
14479899
14479989
14480057
14480133
14480269
14480492
14480548
14480553
14480862
14481089
14481670
14481747
14481822
14482051
14482285
14482711
14482814
14482902
14483673
14483677
14484221
14484654
14484814
14484828
14484906
14484956
14484986
14485122
14485409
14485572
14485590
14485897
14486047
14486146
14486208
14486417
14486482
14486685
14486718
14486770
14486911
14486916
14486917
14486981
14486983
14486989
14486990
14487122
14488046
14488627
14489070
14489184
14489211
14489254
14489461
14489547
14489988
14490165
14490196
14490216
14490305
14490319
14490375
14490382
14490549
14490775
14491005
14491096
14491132
14491271
14491948
14492105
14492111
14492114
14492130
14492183
14492373
14492718
14492783
14492858
14492931
14492941
14492960
14493043
14493045
14493053
14493064
14493071
14493110
14493161
14493249
14493312
14493408
14493419
14493686
14494134
14494156
14494600
14494641
14495029
14495053
14495065
14495187
14495194
14495226
14495237
14495241
14495307
14495369
14495853
14495933
14496359
14496653
14496832
14497142
14497143
14497166
14497691
14498092
14498178
14498576
14499345
14499760
