14498225
14498226
14498229
14498230
14498233
14498235
14498237
14498243
14498244
14498247
14498249
14498250
14498251
14498252
14498254
14498255
14498256
14498257
14498258
14498259
14498260
14498261
14498263
14498267
14498271
14498272
14498273
14498274
14498275
14498281
14498284
14498287
14498288
14498289
14498290
14498291
14498293
14498295
14498296
14498298
14498299
14498302
14498303
14498305
14498310
14498311
14498312
14498313
14498315
14498317
14498318
14498320
14498321
14498323
14498324
14498325
14498327
14498329
14498330
14498331
14498332
14498333
14498334
14498336
14498337
14498339
14498340
14498341
14498343
14498346
14498348
14498349
14498350
14498351
14498352
14498353
14498354
14498355
14498356
14498357
14498358
14498359
14498362
14498363
14498364
14498366
14498367
14498368
14498369
14498370
14498372
14498373
14498374
14498376
14498378
14498380
14498384
14498385
14498386
14498392
14498393
14498394
14498395
14498397
14498398
14498399
14498401
14498403
14498404
14498406
14498407
14498408
14498409
14498411
14498412
14498413
14498415
14498416
14498417
14498419
14498420
14498422
14498423
14498424
14498425
14498426
14498428
14498431
14498434
14498437
14498438
14498440
14498442
14498443
14498445
14498446
14498447
14498448
14498450
14498453
14498454
14498455
14498457
14498458
14498463
14498464
14498465
14498471
14498472
14498476
14498477
14498478
14498480
14498481
14498484
14498485
14498486
14498489
14498490
14498491
14498494
14498495
14498496
14498502
14498503
14498504
14498505
14498509
14498510
14498512
14498513
14498515
14498516
14498518
14498519
14498520
14498521
14498522
14498524
14498525
14498526
14498528
14498529
14498530
14498531
14498532
14498534
14498536
14498537
14498541
14498542
14498544
14498545
14498546
14498547
14498549
14498550
14498551
14498552
14498555
14498558
14498561
14498562
14498565
14498566
14498567
14498571
14498573
14498574
14498575
14498576
14498577
14498578
14498580
14498581
14498584
14498585
14498586
14498587
14498588
14498591
14498595
14498599
14498600
14498602
14498604
14498606
14498609
14498610
14498612
14498613
14498614
14498615
14498618
14498622
14498624
14498625
14498626
14498628
14498629
14498630
14498631
14498632
14498633
14498635
14498637
14498639
14498640
14498642
14498645
14498647
14498648
14498649
14498650
14498656
14498658
14498661
14498666
14498669
14498670
14498671
14498672
14498673
14498675
14498676
14498677
14498678
14498680
14498684
14498685
14498687
14498691
14498694
14498698
14498699
14498701
14498703
14498704
14498708
14498709
14498710
14498712
14498713
14498715
14498717
14498718
14498720
14498721
14498722
14498724
14498725
14498726
14498729
14498730
14498732
14498734
14498735
14498736
14498737
14498738
14498739
14498740
14498741
14498744
14498745
14498748
14498749
14498750
14498752
14498754
14498756
14498757
14498758
14498759
14498760
14498763
14498764
14498765
14498766
14498767
14498770
14498773
14498775
14498776
14498780
14498781
14498782
14498785
14498786
14498787
14498788
14498790
14498792
14498793
14498796
14498797
14498798
14498799
14498801
14498803
14498805
14498806
14498809
14498811
14498812
14498814
14498815
14498816
14498819
14498821
14498823
14498825
14498826
14498828
14498831
14498833
14498834
14498836
14498837
14498839
14498841
14498843
14498844
14498846
14498847
14498848
14498849
14498852
14498855
14498856
14498859
14498860
14498862
14498864
14498865
14498867
14498868
14498869
14498871
14498873
14498875
14498877
14498879
14498880
14498881
14498883
14498884
14498885
14498887
14498891
14498892
14498893
14498896
14498897
14498899
14498901
14498902
14498903
14498906
14498907
14498910
14498911
14498916
14498917
14498918
14498919
14498922
14498924
14498925
14498927
14498928
14498931
14498933
14498935
14498938
14498939
14498941
14498942
14498943
14498945
14498947
14498949
14498950
14498951
14498955
14498958
14498959
14498960
14498961
14498963
14498964
14498965
14498968
14498974
14498975
14498976
14498977
14498979
14498987
14498988
14498990
14498991
14498993
14498997
14499000
14499001
14499002
14499004
14499007
14499010
14499011
14499014
14499016
14499017
14499018
14499023
14499025
14499026
14499027
14499031
14499035
14499036
14499037
14499038
14499039
14499040
14499041
14499043
14499050
14499051
14499053
14499054
14499056
14499057
14499058
14499060
14499061
14499065
14499068
14499070
14499071
14499073
14499075
14499076
14499078
14499079
14499081
14499082
14499084
14499085
14499086
14499087
14499089
14499091
14499092
14499093
14499094
14499096
14499097
14499098
14499099
14499101
14499102
14499103
14499107
14499109
14499110
14499111
14499113
14499114
14499116
14499117
14499118
14499120
14499122
14499125
14499126
14499127
14499129
14499130
14499131
14499132
14499133
14499135
14499136
14499139
14499142
14499143
14499144
14499145
14499147
14499149
14499151
14499155
14499157
14499158
14499159
14499160
14499163
14499164
14499165
14499166
14499167
14499169
14499170
14499171
14499172
14499173
14499175
14499178
14499180
14499182
14499183
14499184
14499185
14499186
14499187
14499190
14499193
14499194
14499195
14499196
14499198
14499199
14499200
14499201
14499202
14499203
14499205
14499206
14499207
14499209
14499210
14499215
14499216
14499218
14499220
14499221
14499222
14499223
14499224
14499227
14499228
14499229
14499233
14499234
14499236
14499238
14499241
14499242
14499245
14499246
14499248
14499251
14499254
14499255
14499256
14499259
14499260
14499261
14499262
14499265
14499266
14499267
14499268
14499269
14499271
14499273
14499276
14499278
14499282
14499283
14499284
14499285
14499288
14499289
14499291
14499293
14499295
14499296
14499297
14499300
14499302
14499303
14499304
14499305
14499306
14499311
14499312
14499313
14499314
14499316
14499319
14499321
14499323
14499324
14499327
14499328
14499329
14499330
14499331
14499334
14499337
14499338
14499339
14499345
14499347
14499348
14499349
14499351
14499354
14499357
14499358
14499359
14499361
14499362
14499363
14499365
14499366
14499369
14499370
14499372
14499373
14499374
14499376
14499383
14499384
14499387
14499389
14499390
14499393
14499395
14499396
14499397
14499400
14499402
14499404
14499405
14499408
14499409
14499411
14499417
14499419
14499420
14499421
14499422
14499424
14499425
14499426
14499428
14499434
14499435
14499436
14499437
14499439
14499440
14499443
14499445
14499449
14499450
14499451
14499453
14499454
14499455
14499457
14499458
14499460
14499461
14499462
14499463
14499465
14499467
14499469
14499472
14499473
14499474
14499476
14499478
14499479
14499480
14499481
14499482
14499483
14499484
14499485
14499487
14499491
14499492
14499493
14499495
14499497
14499498
14499502
14499505
14499509
14499510
14499515
14499516
14499518
14499520
14499523
14499524
14499525
14499526
14499527
14499529
14499530
14499531
14499532
14499536
14499537
14499543
14499544
14499547
14499548
14499549
14499550
14499551
14499552
14499555
14499558
14499560
14499562
14499564
14499565
14499566
14499573
14499574
14499575
14499578
14499580
14499581
14499582
14499585
14499587
14499589
14499592
14499593
14499594
14499596
14499597
14499598
14499600
14499602
14499603
14499607
14499608
14499612
14499613
14499615
14499621
14499622
14499623
14499624
14499626
14499627
14499629
14499630
14499633
14499634
14499635
14499636
14499638
14499640
14499642
14499643
14499644
14499645
14499647
14499650
14499651
14499652
14499653
14499654
14499655
14499657
14499661
14499663
14499664
14499666
14499667
14499669
14499671
14499672
14499677
14499678
14499679
14499680
14499681
14499682
14499683
14499686
14499687
14499689
14499690
14499693
14499694
14499695
14499697
14499698
14499700
14499703
14499705
14499706
14499710
14499711
14499712
14499715
14499718
14499719
14499720
14499721
14499724
14499726
14499727
14499728
14499733
14499735
14499736
14499738
14499739
14499741
14499742
14499743
14499744
14499745
14499750
14499751
14499754
14499755
14499756
14499759
14499760
14499761
14499766
14499767
14499770
14499771
14499772
14499773
14499775
14499776
14499777
14499782
14499783
14499784
14499785
14499786
14499791
14499792
14499793
14499795
14499802
14499805
14499806
14499807
14499808
14499809
14499812
14499814
14499815
14499818
14499819
14499821
14499822
14499823
14499826
14499828
14499831
14499832
14499834
14499836
14499837
14499838
14499840
14499843
14499844
14499845
14499847
14499849
14499851
14499852
14499853
14499856
14499857
14499862
14499863
14499865
14499866
14499867
14499868
14499869
14499871
14499872
14499873
14499878
14499880
14499881
14499883
14499885
14499887
14499888
14499889
14499892
14499893
14499895
14499897
14499898
14499900
14499902
14499904
14499908
14499912
14499913
14499915
14499916
14499917
14499920
14499922
14499923
14499924
14499925
14499927
14499930
14499931
14499932
14499934
14499937
14499938
14499940
14499941
14499943
14499944
14499945
14499949
14499950
14499951
14499952
14499953
14499955
14499956
14499957
14499958
14499959
14499960
14499963
14499964
14499968
14499973
14499974
14499980
14499981
14499982
14499987
14499989
14499992
14499994
14499996
14499997
14499998
