14465918
14465925
14465929
14465937
14465940
14465942
14465944
14465989
14466010
14466042
14466049
14466054
14466056
14466110
14466125
14466128
14466130
14466141
14466436
14466475
14466718
14466723
14466783
14466816
14466833
14466839
14466850
14466961
14466966
14466969
14467032
14467161
14467261
14467290
14467443
14467452
14467456
14467464
14467613
14467615
14467624
14467744
14467745
14467771
14467872
14467904
14467912
14467949
14467952
14467981
14467983
14468076
14468104
14468148
14468175
14468180
14468201
14468206
14468247
14468249
14468251
14468252
14468260
14468265
14468277
14468280
14468289
14468290
14468304
14468308
14468397
14468425
14468428
14468433
14468449
14468473
14468501
14468669
14468705
14468714
14468756
14468762
14468764
14468765
14468782
14468785
14468786
14468801
14468803
14468830
14468946
14468982
14468992
14468996
14469008
14469011
14469016
14469037
14469038
14469078
14469105
14469110
14469166
14469180
14469225
14469230
14469288
14469319
14469320
14469324
14469325
14469328
14469330
14469331
14469335
14469338
14469350
14469371
14469373
14469374
14469382
14469385
14469388
14469422
14469427
14469441
14469513
14469575
14469623
14469656
14469685
14469751
14469806
14469811
14469824
14469856
14469858
14469877
14469900
14469903
14469904
14469919
14469956
14469968
14469982
14469993
14470008
14470029
14470089
14470102
14470207
14470234
14470237
14470334
14470341
14470347
14470373
14470413
14470415
14470440
14470454
14470455
14470506
14470511
14470545
14470575
14470687
14470689
14470756
14470759
14470861
14470914
14470945
14470950
14470967
14470992
14470998
14471003
14471040
14471105
14471107
14471109
14471112
14471200
14471204
14471205
14471206
14471329
14471494
14471529
14471535
14471552
14471553
14471568
14471664
14471667
14471670
14471673
14471675
14471732
14471736
14471770
14471773
14471782
14471821
14471857
14471864
14471883
14471894
14471902
14471908
14471912
14471922
14471931
14471935
14471958
14472102
14472123
14472131
14472134
14472138
14472141
14472146
14472159
14472161
14472170
14472271
14472273
14472300
14472301
14472351
14472352
14472451
14472491
14472571
14472578
14472582
14472606
14472623
14472630
14472634
14472637
14472743
14472744
14472793
14472805
14472953
14472986
14472996
14473010
14473078
14473092
14473095
14473097
14473126
14473128
14473137
14473140
14473179
14473189
14473198
14473243
14473256
14473267
14473273
14473313
14473325
14473461
14473469
14473527
14473530
14473533
14473544
14473547
14473579
14473653
14473693
14473710
14473770
14473782
14473783
14473785
14473835
14473849
14473860
14474129
14474231
14474239
14474269
14474363
14474383
14474388
14474393
14474394
14474513
14474559
14474609
14474621
14474630
14474644
14474645
14474655
14474678
14474689
14474698
14474716
14474750
14474773
14474993
14475004
14475162
14475202
14475206
14475218
14475278
14475313
14475344
14476129
14476271
14476322
14476329
14476340
14476354
14476412
14476456
14476514
14476525
14476540
14476604
14476609
14476680
14476726
14476753
14476861
14476985
14477000
14477079
14477195
14477208
14477236
14477324
14477327
14477332
14477384
14477386
14477474
14477477
14477535
14477605
14477622
14477782
14477831
14477881
14477975
14477983
14478015
14478037
14478125
14478136
14478278
14478299
14478300
14478312
14478323
14478406
14478419
14478473
14478586
14478679
14478694
14478712
14478715
14478739
14479029
14479048
14479081
14479351
14479359
14479379
14479465
14479643
14479743
14479744
14479758
14479759
14479764
14479825
14479831
14479900
14479905
14479931
14479935
14479987
14479995
14480004
14480032
14480097
14480103
14480123
14480132
14480136
14480137
14480152
14480198
14480298
14480307
14480318
14480386
14480427
14480444
14480499
14480508
14480510
14480520
14480719
14480742
14480754
14480808
14480860
14480914
14480918
14480922
14481104
14481115
14481130
14481145
14481198
14481242
14481258
14481303
14481322
14481324
14481464
14481607
14481653
14481655
14481658
14481661
14481678
14481681
14481714
14481759
14481850
14481878
14481940
14482113
14482117
14482209
14482327
14482414
14482556
14482557
14482574
14482635
14482656
14482667
14482699
14482720
14482758
14482773
14482778
14482846
14482867
14482882
14482903
14482923
14482931
14482941
14482942
14482943
14482946
14482949
14482951
14482952
14482958
14482959
14482962
14482963
14482964
14482970
14482972
14482974
14482975
14482976
14482978
14482979
14482980
14482988
14482989
14482991
14482994
14483001
14483008
14483009
14483011
14483016
14483024
14483033
14483043
14483059
14483063
14483067
14483071
14483129
14483131
14483135
14483142
14483165
14483166
14483168
14483195
14483208
14483265
14483271
14483273
14483275
14483283
14483284
14483286
14483287
14483291
14483293
14483294
14483295
14483297
14483298
14483300
14483308
14483309
14483311
14483313
14483314
14483318
14483323
14483325
14483326
14483328
14483331
14483332
14483335
14483344
14483345
14483346
14483356
14483389
14483403
14483406
14483409
14483410
14483411
14483414
14483419
14483434
14483435
14483436
14483437
14483438
14483445
14483453
14483463
14483465
14483470
14483471
14483490
14483493
14483494
14483495
14483496
14483499
14483503
14483504
14483507
14483514
14483528
14483546
14483548
14483561
14483562
14483563
14483564
14483595
14483602
14483606
14483609
14483610
14483624
14483631
14483636
14483646
14483659
14483681
14483682
14483721
14483723
14483733
14483734
14483737
14483742
14483754
14483760
14483824
14483827
14484004
14484020
14484024
14484048
14484060
14484123
14484124
14484130
14484138
14484140
14484156
14484157
14484202
14484211
14484216
14484226
14484236
14484292
14484318
14484333
14484416
14484439
14484485
14484507
14484534
14484646
14484654
14484704
14484999
14485008
14485011
14485016
14485017
14485030
14485062
14485093
14485144
14485164
14485171
14485208
14485209
14485356
14485365
14485378
14485380
14485386
14485436
14485491
14485579
14485628
14485630
14485634
14485774
14485776
14485783
14485802
14485822
14485934
14485963
14485986
14485991
14485996
14486003
14486009
14486026
14486053
14486125
14486163
14486204
14486208
14486254
14486255
14486258
14486264
14486357
14486544
14486594
14486596
14486762
14486876
14487082
14487157
14487188
14487204
14487207
14487245
14487257
14487265
14487271
14487284
14487385
14487555
14487560
14487561
14487613
14487619
14487620
14487623
14487630
14487631
14487635
14487636
14487653
14487658
14487660
14487665
14487712
14487727
14487729
14487731
14487753
14487816
14487824
14487926
14488005
14488007
14488064
14488071
14488280
14488324
14488341
14488401
14488435
14488482
14488484
14488547
14488548
14488618
14488733
14488776
14488877
14488880
14488912
14488924
14488946
14489044
14489062
14489236
14489293
14489397
14489404
14489556
14489596
14489598
14489599
14489601
14489603
14489607
14489610
14489616
14489618
14489778
14489855
14489929
14489935
14489945
14489983
14490002
14490006
14490022
14490033
14490086
14490088
14490099
14490167
14490168
14490183
14490185
14490246
14490366
14490373
14490398
14490400
14490403
14490407
14490527
14490544
14490627
14490632
14490697
14490698
14490761
14490915
14490945
14491095
14491139
14491140
14491171
14491204
14491207
14491208
14491355
14491356
14491470
14491490
14491495
14491596
14492042
14492117
14492125
14492158
14492298
14492314
14492323
14492342
14492349
14492488
14492496
14492519
14492525
14492526
14492600
14492611
14492620
14492625
14492627
14492660
14492718
14492721
14492848
14492872
14492999
14493016
14493046
14493056
14493073
14493086
14493088
14493108
14493124
14493177
14493178
14493195
14493270
14493271
14493316
14493381
14493391
14493405
14493408
14493482
14493562
14493563
14493570
14493575
14493586
14493607
14493613
14493617
14493619
14493683
14493688
14493707
14493742
14493768
14493780
14493783
14493834
14493863
14494003
14494076
14494082
14494085
14494086
14494087
14494101
14494131
14494173
14494280
14494284
14494494
14494674
14494814
14494849
14494869
14494913
14494926
14495101
14495105
14495213
14495215
14495226
14495257
14495270
14495275
14495318
14495328
14495345
14495363
14495383
14495542
14495633
14495644
14495647
14495665
14495676
14495701
14495716
14495718
14495720
14495722
14495728
14495729
14495735
14495756
14495780
14495785
14495786
14495789
14495795
14495797
14495807
14495845
14495947
14495956
14495957
14496018
14496020
14496119
14496203
14496217
14496427
14496431
14496452
14496483
14496516
14496517
14496525
14496539
14496544
14496553
14496556
14496569
14496594
14496610
14496781
14496894
14496977
14496991
14497028
14497140
14497179
14497186
14497189
14497215
14497281
14497283
14497349
14497389
14497392
14497398
14497401
14497433
14497438
14497442
14497450
14497454
14497480
14497484
14497490
14497494
14497767
14497852
14497968
14498147
14498148
14498343
14498387
14498391
14498392
14498426
14498456
14498544
14498545
14498787
14498806
14499060
14499084
14499124
14499209
14499233
14499249
14499261
14499263
14499361
14499439
14499444
14499449
14499511
14499539
14499703
14499912
14499920
14499924
14499925
14499932
14499941
14499953
