14486626
14486632
14486641
14486645
14486648
14486654
14486659
14486716
14486718
14486721
14486727
14486730
14486732
14486738
14486745
14486747
14486749
14486754
14486767
14486768
14486779
14486791
14486796
14486813
14486818
14486819
14486820
14486834
14486839
14486847
14486848
14486858
14486861
14486873
14486879
14486884
14486885
14486895
14486898
14486904
14486912
14486914
14486916
14486917
14486923
14486924
14486938
14486939
14486941
14486943
14486944
14487046
14487054
14487057
14487068
14487079
14487095
14487100
14487109
14487113
14487152
14487159
14487164
14487171
14487175
14487182
14487188
14487196
14487200
14487212
14487220
14487224
14487278
14487283
14487300
14487301
14487310
14487313
14487350
14487373
14487376
14487388
14487403
14487437
14487442
14487450
14487453
14487456
14487469
14487481
14487485
14487514
14487520
14487541
14487545
14487552
14487553
14487556
14487557
14487565
14487568
14487593
14487594
14487633
14487636
14487655
14487674
14487691
14487696
14487701
14487709
14487710
14487720
14487724
14487731
14487764
14487770
14487790
14487812
14487816
14487828
14487889
14487897
14487950
14487974
14488001
14488011
14488015
14488028
14488033
14488067
14488071
14488075
14488085
14488086
14488091
14488093
14488096
14488115
14488148
14488183
14488196
14488199
14488206
14488218
14488219
14488251
14488260
14488282
14488284
14488288
14488294
14488314
14488321
14488324
14488325
14488326
14488337
14488345
14488353
14488361
14488367
14488373
14488385
14488395
14488396
14488401
14488411
14488422
14488437
14488438
14488449
14488457
14488462
14488479
14488486
14488503
14488512
14488560
14488567
14488578
14488584
14488627
14488630
14488637
14488639
14488642
14488658
14488682
14488688
14488717
14488741
14488749
14488764
14488765
14488771
14488816
14488822
14488827
14488847
14488855
14488856
14488861
14488870
14488885
14488903
14488904
14488929
14488932
14488951
14488955
14488958
14488962
14488964
14489024
14489032
14489044
14489054
14489075
14489119
14489124
14489218
14489264
14489270
14489291
14489338
14489412
14489413
14489423
14489449
14489520
14489550
14489556
14489567
14489575
14489591
14489617
14489652
14489659
14489872
14489890
14489894
14489897
14489909
14489930
14489934
14489938
14489946
14489954
14489956
14489960
14489962
14490000
14490047
14490072
14490075
14490079
14490080
14490081
14490151
14490153
14490178
14490209
14490210
14490213
14490251
14490260
14490276
14490373
14490380
14490389
14490391
14490399
14490401
14490405
14490408
14490412
14490418
14490420
14490423
14490426
14490429
14490443
14490444
14490449
14490450
14490453
14490462
14490464
14490468
14490472
14490476
14490486
14490500
14490525
14490535
14490568
14490574
14490584
14490591
14490621
14490657
14490724
14490741
14490744
14490750
14490784
14490846
14490850
14490859
14490866
14490871
14490872
14490895
14490964
14490967
14490979
14490980
14490986
14490987
14491004
14491006
14491009
14491026
14491035
14491038
14491059
14491087
14491088
14491093
14491099
14491100
14491113
14491116
14491129
14491133
14491135
14491142
14491148
14491152
14491154
14491162
14491174
14491175
14491200
14491222
14491235
14491240
14491249
14491327
14491329
14491338
14491421
14491430
14491442
14491460
14491495
14491510
14491519
14491527
14491528
14491536
14491563
14491573
14491578
14491589
14491604
14491612
14491626
14491646
14491668
14491670
14491684
14491691
14491717
14491752
14491801
14491845
14491853
14491858
14491860
14491875
14491883
14491898
14491921
14491938
14491955
14491981
14491991
14491992
14491994
14492015
14492016
14492024
14492027
14492030
14492031
14492033
14492037
14492042
14492050
14492073
14492075
14492079
14492080
14492081
14492095
14492105
14492112
14492115
14492118
14492137
14492159
14492160
14492174
14492176
14492180
14492183
14492186
14492188
14492194
14492202
14492209
14492215
14492216
14492217
14492228
14492235
14492255
14492257
14492259
14492266
14492268
14492285
14492289
14492297
14492315
14492325
14492334
14492342
14492347
14492354
14492359
14492364
14492371
14492377
14492381
14492382
14492385
14492387
14492388
14492394
14492400
14492405
14492413
14492420
14492426
14492443
14492463
14492467
14492473
14492476
14492480
14492483
14492489
14492496
14492511
14492518
14492525
14492537
14492544
14492552
14492564
14492574
14492576
14492598
14492603
14492606
14492617
14492638
14492662
14492677
14492725
14492731
14492743
14492754
14492756
14492759
14492782
14492783
14492814
14492830
14492923
14492928
14492957
14492964
14492968
14492972
14493004
14493025
14493091
14493102
14493113
14493119
14493141
14493156
14493159
14493164
14493171
14493174
14493176
14493177
14493181
14493184
14493186
14493187
14493192
14493194
14493203
14493221
14493229
14493233
14493240
14493243
14493254
14493265
14493272
14493281
14493283
14493287
14493304
14493309
14493310
14493316
14493333
14493335
14493348
14493357
14493362
14493369
14493370
14493393
14493403
14493407
14493421
14493424
14493426
14493431
14493437
14493473
14493474
14493496
14493522
14493542
14493636
14493645
14493652
14493676
14493683
14493690
14493700
14493712
14493784
14493832
14493851
14493873
14493905
14493919
14493927
14493932
14493943
14493947
14493958
14493961
14493985
14494002
14494010
14494015
14494034
14494062
14494092
14494098
14494126
14494142
14494158
14494183
14494243
14494263
14494285
14494302
14494305
14494308
14494323
14494338
14494344
14494345
14494364
14494413
14494436
14494440
14494441
14494451
14494462
14494470
14494477
14494493
14494494
14494515
14494521
14494526
14494528
14494537
14494563
14494571
14494600
14494615
14494628
14494654
14494697
14494727
14494737
14494772
14494821
14494833
14494834
14494856
14494898
14494900
14494914
14494933
14494967
14494986
14495021
14495092
14495093
14495138
14495148
14495151
14495155
14495187
14495222
14495237
14495242
14495249
14495261
14495274
14495283
14495286
14495303
14495327
14495336
14495342
14495344
14495349
14495352
14495362
14495368
14495369
14495370
14495383
14495413
14495424
14495435
14495456
14495467
14495500
14495512
14495525
14495529
14495539
14495547
14495549
14495563
14495566
14495586
14495592
14495594
14495597
14495607
14495612
14495624
14495630
14495635
14495638
14495646
14495650
14495687
14495701
14495713
14495715
14495719
14495735
14495758
14495803
14495804
14495806
14495808
14495818
14495824
14495843
14495864
14495871
14495895
14495896
14495904
14495929
14495934
14495936
14495941
14495951
14495973
14495999
14496002
14496023
14496024
14496060
14496107
14496111
14496116
14496118
14496133
14496171
14496182
14496194
14496228
14496235
14496256
14496261
14496265
14496266
14496270
14496272
14496273
14496274
14496288
14496293
14496298
14496306
14496311
14496321
14496372
14496453
14496473
14496555
14496568
14496587
14496607
14496648
14496651
14496656
14496696
14496706
14496711
14496718
14496732
14496745
14496751
14496764
14496777
14496791
14496792
14496794
14496797
14496822
14496827
14496832
14496838
14496855
14496865
14496872
14496902
14496904
14496914
14496917
14496937
14496960
14497014
14497024
14497029
14497032
14497047
14497060
14497066
14497073
14497100
14497110
14497115
14497136
14497185
14497210
14497224
14497233
14497244
14497246
14497267
14497270
14497272
14497276
14497279
14497280
14497293
14497297
14497313
14497336
14497340
14497341
14497343
14497348
14497353
14497357
14497363
14497364
14497373
14497374
14497388
14497390
14497392
14497398
14497403
14497409
14497414
14497416
14497421
14497429
14497461
14497464
14497472
14497488
14497513
14497523
14497533
14497573
14497576
14497581
14497592
14497599
14497623
14497628
14497634
14497637
14497638
14497641
14497650
14497653
14497671
14497672
14497673
14497680
14497682
14497684
14497691
14497692
14497694
14497696
14497701
14497703
14497721
14497724
14497751
14497767
14497774
14497780
14497793
14497820
14497831
14497874
14497894
14497899
14497903
14497910
14497915
14497918
14497923
14497926
14497932
14497969
14498005
14498022
14498029
14498030
14498033
14498035
14498051
14498059
14498061
14498081
14498086
14498092
14498181
14498195
14498250
14498275
14498284
14498340
14498353
14498386
14498413
14498420
14498423
14498425
14498442
14498446
14498457
14498462
14498529
14498585
14498627
14498698
14498699
14498705
14498716
14498722
14498723
14498740
14498748
14498753
14498776
14498781
14498788
14498884
14498927
14499013
14499026
14499046
14499056
14499064
14499075
14499079
14499081
14499084
14499088
14499099
14499108
14499120
14499131
14499132
14499134
14499137
14499139
14499145
14499149
14499154
14499157
14499158
14499163
14499182
14499216
14499220
14499222
14499250
14499261
14499266
14499303
14499326
14499445
14499460
14499463
14499469
14499474
14499483
14499498
14499509
14499516
14499524
14499526
14499531
14499537
14499551
14499623
14499628
14499633
14499660
14499677
14499686
14499700
14499711
14499713
14499720
14499724
14499770
14499780
14499798
14499818
14499826
14499831
14499836
14499842
14499920
14499931
14499935
14499940
14499948
14499951
14499955
14499957
14499959
14499963
14499968
14499982
14499992
