14336729
14337092
14337173
14337232
14338062
14338066
14338071
14338072
14338075
14338079
14338118
14338280
14338680
14338792
14338793
14338804
14339020
14339093
14339455
14339754
14339787
14340456
14340971
14341486
14341950
14342213
14342290
14342607
14343675
14343690
14343824
14344056
14344102
14344183
14344188
14344442
14344800
14344809
14344814
14345658
14345780
14345882
14345907
14345916
14346284
14346379
14346383
14346385
14346406
14346408
14346409
14346431
14346451
14346456
14346457
14346458
14346463
14346464
14346466
14346470
14346473
14346475
14346494
14346521
14346661
14348352
14348391
14348438
14348471
14348815
14348818
14349093
14349858
14350041
14350624
14350627
14350632
14350982
14351396
14351452
14351488
14351495
14351505
14351510
14351513
14351514
14351515
14351520
14351524
14351526
14351527
14351540
14351541
14351542
14351549
14351639
14351699
14351709
14351712
14351764
14352566
14353165
14353169
14353178
14353181
14353184
14353221
14353230
14353712
14353749
14353772
14353780
14353783
14353791
14353798
14353808
14353809
14353831
14353884
14354110
14356905
14356973
14357042
14357316
14357539
14357557
14357584
14357886
14357891
14358029
14358041
14358156
14358226
14358240
14358566
14358724
14359269
14359312
14359891
14359971
14360003
14360023
14361923
14362310
14362315
14362551
14363042
14364009
14364369
14364389
14364435
14364453
14364477
14364872
14364958
14364994
14365120
14365564
14365581
14365605
14365607
14366135
14366585
14366598
14366835
14366879
14366884
14366908
14367045
14367189
14367198
14369443
14369779
14370810
14370824
14370830
14370832
14370836
14370852
14370855
14370856
14370863
14370877
14370996
14371080
14371116
14371175
14371504
14371599
14371605
14371607
14371746
14371760
14371774
14371786
14371803
14372326
14372586
14372610
14372612
14372613
14372636
14372670
14372679
14372680
14372683
14372695
14372697
14372700
14372701
14372808
14372922
14373025
14373082
14373250
14373678
14373805
14373819
14374362
14374681
14375561
14375564
14376012
14376253
14376528
14376534
14377001
14377190
14377195
14377266
14377435
14377819
14378342
14378361
14378533
14378538
14379150
14379639
14379688
14381120
14381121
14381160
14381164
14381463
14382107
14382189
14382225
14382229
14382270
14382274
14382338
14382342
14382358
14382360
14382364
14382365
14382379
14382386
14382905
14382908
14383481
14383561
14383569
14383900
14384306
14384307
14384611
14384641
14384694
14384696
14384797
14384917
14384921
14385821
14385898
14385904
14386174
14386194
14386206
14386789
14386803
14386839
14388863
14389748
14389756
14389773
14389826
14389898
14389923
14390266
14390272
14390309
14390313
14390324
14390505
14390510
14390542
14390550
14390661
14390786
14390940
14390950
14390978
14390991
14391069
14391075
14391112
14391120
14391615
14391626
14391635
14391641
14391892
14391919
14392265
14392918
14392919
14393184
14393186
14394226
14394424
14394426
14394807
14394812
14395181
14395391
14395393
14395395
14395431
14395511
14395559
14395648
14395667
14395698
14395702
14395843
14395849
14395927
14395935
14395938
14395950
14395958
14396025
14396029
14396048
14396236
14396334
14396340
14396425
14396499
14396796
14396823
14396859
14396905
14396932
14396979
14397151
14397304
14397328
14397542
14397547
14397557
14397565
14398038
14398045
14398050
14398441
14398444
14398449
14398455
14398608
14398638
14398648
14398736
14399822
14399825
14399828
14400224
14400227
14400851
14400862
14400921
14400933
14401310
14401513
14401661
14402004
14402216
14402337
14402346
14402362
14402505
14402512
14402716
14402739
14403037
14403043
14403054
14403216
14403297
14403536
14404156
14404272
14405938
14405939
14406989
14406992
14407280
14407281
14408134
14408468
14408474
14408509
14408818
14408985
14409222
14409473
14409501
14409626
14409655
14409730
14409763
14410158
14411246
14411431
14411626
14411695
14411966
14411992
14412002
14412159
14412166
14412284
14412451
14412476
14412807
14415113
14415458
14415616
14415792
14415811
14415821
14416071
14416089
14416860
14417193
14417358
14418171
14418179
14418693
14419905
14420154
14420374
14420408
14420456
14420468
14420531
14421022
14421253
14421404
14421463
14421787
14421843
14421872
14421878
14422011
14422058
14422835
14422840
14423424
14423433
14423499
14423543
14423548
14423785
14423798
14423950
14424052
14424653
14424657
14424716
14424735
14425537
14426312
14426844
14426943
14426967
14427009
14427049
14427090
14427241
14428227
14428301
14428311
14428874
14428916
14428978
14428984
14428991
14428992
14429649
14430248
14430355
14430379
14430394
14430395
14430450
14430469
14430515
14430572
14430915
14431740
14433579
14433642
14433648
14434693
14435016
14435040
14435080
14435128
14435216
14435228
14435306
14435310
14435311
14435313
14435315
14435371
14435487
14435503
14435513
14435665
14436492
14437646
14437722
14438051
14439163
14439347
14439375
14439921
14440442
14441490
14441942
14441958
14442191
14442254
14442317
14442463
14442467
14442504
14442696
14442832
14442899
14442995
14443314
14443606
14443633
14443645
14443692
14443715
14443731
14443737
14443739
14443761
14443764
14443825
14443927
14444286
14446156
14446191
14446292
14446451
14446633
14446793
14446853
14446957
14447040
14447094
14447097
14447105
14447109
14447111
14447116
14447140
14447213
14447358
14447380
14447383
14447385
14447386
14447387
14447412
14447427
14447428
14447447
14447456
14447489
14447498
14447550
14447574
14447596
14447698
14447716
14447721
14447723
14447727
14447729
14447742
14447749
14447755
14447758
14447761
14447768
14447786
14447788
14447798
14447803
14447807
14447849
14447858
14447908
14447911
14447976
14448004
14448110
14448302
14448305
14448308
14448314
14448422
14448444
14448447
14448492
14448608
14448626
14448668
14449163
14449241
14449244
14449505
14449527
14450181
14450709
14451462
14451563
14451619
14451624
14452017
14453482
14453527
14453655
14453786
14453829
14453835
14453846
14453997
14454014
14454055
14454069
14454077
14454092
14454093
14454145
14454149
14454154
14454308
14454375
14454411
14454501
14454520
14454606
14454637
14454638
14454682
14454710
14455682
14456348
14456378
14456429
14456454
14457085
14457957
14457959
14459644
14459660
14459729
14459992
14459999
14460024
14460035
14460037
14460650
14460727
14460763
14460861
14460866
14461121
14461188
14461280
14461287
14462467
14462674
14462968
14463016
14463844
14463850
14464846
14465135
14465285
14465286
14465965
14466468
14466471
14466472
14466478
14468473
14469068
14469284
14469752
14469756
14469759
14472415
14472419
14473195
14473316
14473370
14473533
14474041
14474249
14474302
14475364
14478419
14478430
14478699
14478907
14478908
14478911
14478912
14478913
14478914
14478916
14478917
14478918
14478921
14478924
14478925
14478926
14478928
14478933
14478936
14478938
14478942
14478959
14478964
14478978
14479022
14479029
14479034
14479058
14479068
14479071
14479072
14479086
14479107
14479108
14479257
14479360
14479370
14479373
14479408
14479471
14479472
14479478
14479484
14479590
14479611
14479618
14479620
14479642
14479850
14479908
14479928
14479963
14479967
14479972
14479974
14479976
14479991
14480288
14480295
14480432
14480457
14480462
14480465
14480477
14480497
14480521
14480729
14480737
14480929
14481302
14481979
14482000
14482086
14482133
14482136
14482138
14482139
14482141
14482143
14482144
14482196
14482291
14482609
14482695
14482732
14482740
14482766
14482772
14482790
14482994
14483586
14483672
14484875
14484889
14485104
14485936
14486329
14486335
14486391
14486398
14486543
14486552
14486603
14486632
14486694
14486884
14487168
14487228
14487800
14487877
14488199
14488290
14488336
14488389
14488399
14488591
14488597
14488902
14488947
14489014
14489107
14489140
14489226
14489233
14489283
14489462
14489593
14489769
14490173
14490287
14490491
14490801
14491316
14491344
14491502
14491535
14491550
14491796
14491846
14492007
14492010
14492015
14492060
14492065
14492446
14492494
14492531
14492552
14492567
14492583
14492607
14492610
14492623
14492645
14492716
14492738
14492764
14492787
14492900
14492912
14492919
14492933
14493003
14493011
14493099
14493102
14493115
14493132
14493144
14493171
14493177
14493194
14493199
14493212
14493216
14493224
14493241
14493242
14493310
14493316
14493319
14493320
14493321
14493323
14493324
14493325
14493330
14493333
14493340
14493347
14493351
14493499
14493502
14493506
14493604
14493608
14493659
14493671
14493699
14493734
14493752
14493895
14493947
14493957
14493990
14494042
14494043
14494064
14494073
14494177
14494190
14494221
14494336
14494343
14494345
14494347
14494353
14494426
14494602
14494611
14494613
14494661
14494692
14494706
14494787
14494858
14494916
14494935
14495046
14495080
14495133
14495274
14495281
14495298
14495368
14495391
14495401
14495408
14495594
14495718
14496343
14496850
14497061
14497069
14497214
14497215
14497380
14497381
14497774
14498259
14498275
14498288
14498476
14498477
14498494
14498558
14498564
14498776
14499001
14499068
14499147
14499148
14499248
14499254
14499255
14499319
14499373
14499530
14499924
