13797110
13797218
13797263
13797268
13797464
13797643
13798349
13798630
13799510
13799985
13800520
13801406
13801415
13801449
13801539
13802395
13802877
13804180
13804184
13804199
13804204
13807918
13807929
13807951
13810853
13810866
13811819
13812516
13813205
13813215
13813772
13813776
13813782
13813932
13813943
13814214
13814808
13815006
13815206
13816603
13816620
13816635
13817826
13818288
13818679
13818684
13818693
13818734
13820394
13820417
13821019
13821121
13821217
13821507
13822184
13822454
13822517
13822578
13823407
13823446
13823453
13823910
13824122
13824200
13826349
13826359
13827170
13827171
13827234
13827257
13827917
13828934
13829121
13830922
13831584
13831764
13831844
13832978
13833031
13834679
13834681
13834698
13835810
13836720
13837222
13838376
13838377
13838406
13838996
13839200
13839754
13840529
13840550
13840580
13840605
13840840
13840899
13841023
13841935
13843797
13847143
13847162
13848039
13851800
13851896
13852094
13853517
13853544
13855463
13856793
13857081
13859958
13863198
13863529
13863553
13865741
13865778
13866613
13866642
13868595
13868815
13868847
13870247
13870253
13870318
13871220
13872122
13873000
13873250
13873872
13874007
13875252
13876727
13876733
13876757
13876948
13877692
13878529
13879157
13880335
13880728
13880746
13881068
13881773
13881796
13882205
13882210
13884427
13885081
13885179
13885854
13885859
13885862
13885863
13885871
13886800
13887354
13888075
13888198
13888672
13888700
13889127
13889520
13890785
13893970
13896756
13897455
13898450
13901654
13903993
13904032
13905514
13906400
13906905
13906968
13907916
13908239
13908358
13908621
13909348
13910453
13910763
13911381
13911436
13912273
13912854
13912883
13912888
13913704
13914378
13914940
13915388
13915526
13917015
13917042
13917393
13919062
13919758
13919804
13919979
13920135
13920740
13920990
13920996
13921022
13921222
13921367
13922608
13922751
13923052
13924054
13924098
13924569
13925161
13927024
13927107
13927149
13928726
13928769
13930802
13933537
13933786
13933951
13935680
13935755
13935778
13935852
13935898
13936148
13936720
13936755
13937154
13937282
13937457
13937987
13938399
13938426
13943885
13944786
13946968
13947210
13948317
13949822
13950914
13951516
13954418
13955495
13956228
13956349
13956382
13956773
13957068
13957970
13958796
13959512
13960449
13961318
13962200
13962242
13962253
13963593
13965261
13966332
13966342
13966399
13968014
13968033
13968250
13968275
13970622
13970660
13970729
13971676
13975340
13975358
13976182
13977070
13981824
13981872
13981922
13984644
13984648
13984662
13984777
13986445
13987862
13991745
13992698
13993850
13994598
13995513
13996420
13997231
13998447
13998848
13998859
14008392
14008613
14008825
14010232
14010787
14010917
14010955
14011134
14011140
14011143
14011169
14011824
14013182
14014215
14014222
14014556
14014829
14015002
14015312
14016823
14016835
14016868
14016954
14017457
14017541
14017757
14017791
14017904
14019040
14019049
14019053
14020008
14020010
14020481
14020953
14020974
14020987
14021033
14021306
14021308
14021516
14021747
14023387
14023893
14025142
14025204
14025229
14025252
14025420
14025915
14027617
14027662
14027747
14029764
14029982
14030036
14031625
14031950
14032103
14032794
14033982
14034645
14036825
14036827
14036845
14038438
14038643
14039326
14039399
14039425
14039458
14039760
14039973
14040341
14040517
14040797
14041761
14042804
14042840
14043177
14044035
14044051
14047335
14047338
14047437
14047501
14048166
14048846
14048879
14050057
14051267
14052534
14052607
14053602
14053619
14054761
14054901
14054954
14054973
14056194
14056205
14056510
14056525
14057370
14057416
14057940
14058268
14058304
14058808
14058894
14060051
14060130
14061742
14062571
14062803
14062844
14062848
14062856
14066800
14068080
14068458
14068495
14069619
14071282
14071915
14071926
14073020
14073386
14074129
14074145
14075494
14076176
14079330
14082603
14083755
14084263
14085478
14086024
14086219
14086318
14087775
14088162
14088164
14088182
14090135
14090178
14090383
14091321
14092521
14093173
14093301
14094389
14095434
14095845
14096216
14098859
14099001
14099101
14099137
14099994
14100057
14100419
14100461
14100639
14103818
14104876
14105457
14106116
14106127
14106195
14108296
14108380
14108408
14109940
14110408
14111083
14112418
14112423
14115970
14121079
14121082
14122327
14122337
14122596
14124895
14125616
14125632
14125648
14125822
14127238
14127808
14129398
14129776
14129778
14129779
14131143
14132075
14132168
14132174
14132180
14132197
14132206
14132212
14132225
14132227
14133521
14133528
14133545
14133589
14133595
14134062
14134068
14134221
14134583
14135579
14137147
14137206
14137784
14137944
14139830
14139873
14141392
14141408
14141465
14144984
14145024
14145147
14146072
14146298
14146494
14146496
14147032
14147776
14152114
14152188
14153219
14153234
14153898
14153990
14154312
14157025
14157762
14158227
14158712
14158915
14159825
14160390
14166314
14167139
14168942
14170466
14170654
14171092
14171589
14172398
14172428
14173182
14174640
14174665
14176595
14176833
14177042
14177706
14177889
14178319
14178324
14178332
14178353
14178387
14178831
14179506
14180785
14180930
14181123
14181140
14181143
14182320
14183210
14184605
14184908
14185239
14185795
14189512
14190625
14190800
14190849
14190855
14190888
14191988
14192329
14194275
14194518
14195402
14195416
14195832
14197007
14197365
14198005
14198483
14199020
14202125
14202459
14202518
14202668
14203651
14203713
14204537
14204942
14205446
14205600
14206198
14206217
14206224
14206505
14208455
14208467
14208954
14211459
14211520
14214683
14214734
14214851
14214915
14214934
14214937
14215212
14215220
14215224
14215266
14215518
14215578
14215800
14215811
14215830
14215845
14215879
14215884
14216299
14216334
14216371
14216490
14216553
14216606
14216620
14216666
14216699
14217102
14217150
14217394
14217500
14217506
14217693
14217697
14217702
14217817
14217899
14217903
14218000
14218057
14218095
14218096
14218228
14218234
14218236
14218238
14218290
14218299
14218347
14218361
14218372
14218567
14218586
14218889
14219175
14219183
14219191
14219205
14219318
14219743
14219873
14220031
14220034
14220261
14220263
14220517
14220775
14220985
14221350
14222429
14223511
14224418
14225016
14229337
14231055
14231057
14232373
14232381
14232547
14232578
14232593
14232607
14232911
14241357
14241368
14241609
14241678
14244393
14244901
14245948
14246145
14246888
14248974
14250003
14250026
14250377
14251477
14251628
14251641
14254308
14254316
14261482
14262707
14265147
14265418
14265490
14267027
14268126
14269337
14269355
14270513
14270530
14271296
14271920
14272673
14273516
14273555
14273869
14273872
14275386
14276151
14276159
14276210
14276387
14279533
14281468
14281942
14283848
14283969
14283973
14287075
14287262
14288139
14289366
14289778
14289803
14290300
14291531
14293846
14298996
14299029
14302773
14302778
14303397
14303749
14304235
14305196
14305593
14305816
14307419
14307422
14308091
14308108
14308306
14311642
14311836
14311865
14313796
14313836
14313840
14315315
14315854
14318474
14319487
14320649
14322860
14322903
14323001
14323350
14323443
14325025
14331293
14331427
14331728
14334125
14334130
14334588
14335713
14335717
14335718
14337099
14337159
14337684
14338011
14338026
14338490
14338595
14338720
14338724
14338772
14339194
14339205
14340636
14344600
14344715
14345008
14345624
14346041
14346858
14346887
14347737
14349187
14351897
14353946
14354061
14354203
14354364
14357809
14359626
14360875
14363107
14363130
14363280
14364177
14364523
14364535
14364572
14365655
14365709
14367306
14367321
14367976
14372308
14373299
14373831
14374192
14376018
14376054
14376462
14381273
14383194
14383789
14384865
14384892
14386052
14387328
14387336
14387369
14387377
14387436
14390161
14392006
14392570
14393152
14393524
14394240
14394374
14395804
14395868
14400116
14400120
14401054
14401396
14401583
14401605
14402058
14402586
14402607
14406001
14406187
14406205
14406483
14406783
14406864
14406973
14406991
14408731
14409121
14409439
14411074
14411344
14411352
14411515
14411521
14411995
14413769
14414638
14415829
14417035
14417118
14417938
14418825
14419103
14419891
14420419
14420586
14420613
14420890
14420905
14421730
14422214
14423299
14423302
14424166
14425786
14426103
14426150
14426364
14426909
14426927
14427306
14427320
14427651
14427960
14428466
14433807
14433907
14435004
14437770
14437809
14437822
14437836
14439336
14439595
14440654
14441081
14441108
14441550
14441672
14442453
14442692
14443022
14443736
14444934
14446793
14449014
14449019
14449030
14451288
14453135
14455900
14455917
14456537
14456628
14457472
14459686
14460069
14462847
14462942
14464746
14465150
14465934
14465961
14466247
14466423
14466424
14467882
14467979
14468262
14468280
14468517
14468546
14470980
14470981
14471964
14473393
14473418
14476013
14476439
14477576
14477583
14477610
14478493
14478592
14478698
14479019
14481081
14482739
14483946
14483950
14485160
14486208
14489461
14492772
14494403
14496176
14496535
14497388
14497431
14497460
14497717
14497727
14498430
14499336
14499390
