14447789
14447791
14447809
14447858
14448025
14448201
14448237
14448281
14448352
14448361
14448367
14448382
14448456
14448515
14448530
14448555
14448890
14448915
14448924
14449042
14449213
14449217
14449219
14449259
14449269
14449279
14449287
14449308
14449346
14449365
14449376
14449405
14449457
14449488
14449711
14449712
14450001
14450018
14450033
14450494
14450495
14450519
14450550
14450552
14450556
14450605
14450724
14450816
14450832
14450892
14450928
14451012
14451019
14451040
14451050
14451070
14451137
14451140
14451333
14451338
14451386
14451474
14451695
14451710
14451759
14451772
14451903
14452095
14452169
14452219
14452256
14452306
14452348
14452402
14452417
14452429
14452434
14452457
14452525
14452531
14452568
14452606
14452678
14452759
14452783
14452796
14452819
14452979
14453062
14453195
14453204
14453217
14453310
14453323
14453494
14453502
14453525
14453684
14453749
14453752
14453758
14453760
14453786
14453794
14453942
14453979
14453983
14453990
14454016
14454026
14454031
14454032
14454034
14454037
14454044
14454051
14454066
14454108
14454128
14454147
14454153
14454180
14454191
14454196
14454201
14454203
14454218
14454220
14454288
14454338
14454377
14454526
14454558
14454606
14454787
14454872
14454892
14454902
14454914
14454956
14454998
14455011
14455087
14455159
14455160
14455359
14455566
14455582
14455589
14455682
14455730
14455736
14455752
14455759
14455772
14455779
14455896
14455930
14456074
14456118
14456174
14456184
14456213
14456231
14456245
14456258
14456377
14456431
14456560
14456563
14456575
14456691
14456714
14456760
14456788
14456815
14456955
14456963
14456967
14456996
14457036
14457051
14457099
14457127
14457171
14457217
14457276
14457309
14457360
14457374
14457384
14457445
14457479
14457482
14457493
14457511
14458017
14458042
14458092
14458110
14458152
14458284
14458322
14458372
14458396
14458427
14458430
14458439
14458461
14458475
14458482
14458547
14458556
14458574
14458743
14459015
14459076
14459114
14459120
14459162
14459204
14459216
14459221
14459234
14459397
14459403
14459425
14459456
14459459
14459488
14459501
14459502
14459525
14459550
14459606
14459613
14459617
14459627
14459631
14459652
14459752
14459764
14459803
14459825
14459955
14459982
14460011
14460182
14460183
14460208
14460235
14460257
14460302
14460448
14460452
14460491
14460698
14460733
14460736
14460808
14460814
14460825
14460846
14460849
14460857
14461181
14461203
14461211
14461212
14461254
14461255
14461291
14461299
14461301
14461349
14461354
14461377
14461408
14461413
14461423
14461425
14461433
14461489
14461504
14461666
14461751
14461788
14461970
14461989
14461991
14461999
14462013
14462018
14462073
14462181
14462190
14462195
14462276
14462301
14462310
14462311
14462341
14462357
14462400
14462409
14462459
14462532
14462534
14462536
14462553
14462560
14462572
14462603
14462604
14462696
14462705
14462714
14462729
14462735
14462746
14462754
14462755
14462760
14462834
14462845
14462878
14462906
14462932
14463156
14463181
14463198
14463234
14463237
14463268
14463273
14463278
14463279
14463280
14463284
14463379
14463388
14463413
14463454
14463638
14463694
14463697
14463701
14463871
14463901
14463906
14463919
14463933
14463948
14463974
14463991
14464010
14464027
14464036
14464100
14464134
14464135
14464142
14464158
14464171
14464174
14464179
14464182
14464185
14464249
14464324
14464404
14464426
14464441
14464467
14464516
14464536
14464540
14464546
14464751
14464790
14464798
14464811
14464857
14464875
14464960
14464990
14465436
14465446
14465481
14465489
14465513
14465542
14465609
14465662
14465679
14465694
14465758
14465776
14465778
14465830
14465940
14466008
14466023
14466054
14466084
14466095
14466152
14466158
14466162
14466175
14466236
14466381
14466425
14466432
14466500
14466513
14466514
14466538
14466568
14466653
14466659
14466766
14466780
14466811
14466872
14466880
14466895
14466947
14466951
14466994
14467001
14467006
14467013
14467021
14467064
14467065
14467100
14467211
14467228
14467255
14467290
14467351
14467392
14467499
14467527
14467554
14467591
14467604
14467638
14467661
14467768
14467817
14467827
14467858
14467859
14467860
14467868
14467891
14467895
14467910
14467961
14467962
14467979
14468006
14468039
14468040
14468108
14468157
14468165
14468166
14468171
14468178
14468189
14468210
14468213
14468243
14468280
14468327
14468333
14468505
14468513
14468521
14468533
14468567
14468620
14468628
14468634
14468701
14468726
14468742
14468794
14468820
14468854
14468874
14468885
14468909
14468922
14468947
14468984
14468992
14468996
14469005
14469006
14469012
14469014
14469017
14469021
14469053
14469059
14469105
14469269
14469288
14469293
14469294
14469303
14469365
14469455
14469495
14469544
14469788
14469799
14469803
14469840
14469933
14469967
14470031
14470044
14470073
14470234
14470247
14470251
14470274
14470329
14470350
14470387
14470439
14470443
14470451
14470654
14470809
14470846
14470857
14470860
14470880
14470888
14470940
14471063
14471124
14471138
14471154
14471309
14471341
14471358
14471405
14471605
14471628
14471690
14471701
14471704
14471723
14471730
14471743
14471745
14471773
14471932
14471989
14472006
14472056
14472065
14472078
14472222
14472225
14472366
14472375
14472391
14472445
14472446
14472468
14472506
14472542
14472551
14472559
14472563
14472578
14472616
14472647
14472666
14472779
14472807
14472814
14472862
14472993
14473028
14473048
14473168
14473174
14473280
14473282
14473285
14473288
14473305
14473370
14473382
14473452
14473462
14473465
14473466
14473471
14473516
14473521
14473553
14473580
14473594
14473735
14473815
14473831
14473872
14473885
14473917
14473927
14473967
14474030
14474067
14474087
14474095
14474114
14474123
14474146
14474173
14474239
14474286
14474291
14474293
14474315
14474324
14474341
14474347
14474350
14474352
14474407
14474432
14474435
14474496
14474583
14474615
14474622
14474802
14474907
14475114
14475151
14475253
14475290
14475521
14475583
14475593
14475640
14475660
14475691
14476182
14476216
14476305
14476412
14476454
14476704
14476707
14476710
14476720
14476756
14476759
14476777
14476820
14476930
14476950
14477010
14477176
14477177
14477199
14477285
14477314
14477328
14477386
14477422
14477478
14477566
14477588
14477592
14477664
14477825
14477834
14477854
14477866
14477932
14477942
14477972
14478039
14478050
14478131
14478186
14478199
14478201
14478287
14478336
14478364
14478503
14478518
14478520
14478721
14478766
14478784
14478805
14478880
14478890
14478912
14479048
14479066
14479106
14479124
14479250
14479369
14479391
14479396
14479419
14479514
14479543
14479547
14479616
14479770
14479828
14479974
14480011
14480132
14480147
14480152
14480155
14480160
14480183
14480222
14480263
14480344
14480434
14480498
14480522
14480577
14480644
14480684
14480694
14480717
14480744
14480997
14481040
14481250
14481300
14481333
14481408
14481413
14481559
14481566
14481585
14481618
14481621
14481623
14481923
14482003
14482103
14482133
14482396
14482539
14482586
14482646
14482653
14482688
14482732
14482801
14482899
14483028
14483055
14483057
14483328
14483411
14483413
14483572
14483582
14483594
14483596
14483601
14483686
14483688
14483715
14483716
14483722
14483728
14483753
14483991
14484070
14484280
14484294
14484316
14484337
14484348
14484354
14484381
14484392
14484491
14484538
14484557
14484828
14484862
14484973
14485075
14485311
14485352
14485357
14485380
14485446
14485628
14485767
14485782
14485804
14485844
14485870
14485874
14485893
14485916
14486100
14486384
14486409
14486421
14486452
14486498
14486505
14486528
14486984
14486988
14487012
14487024
14487090
14487096
14487195
14487226
14487244
14487275
14487364
14487702
14488012
14488443
14488457
14488535
14488571
14488574
14488660
14488683
14488689
14488714
14488882
14489073
14489106
14489127
14489411
14489415
14489420
14489423
14489461
14489479
14489600
14489629
14489709
14489733
14489859
14489945
14490027
14490137
14490164
14490263
14490308
14490395
14490537
14490677
14490707
14490760
14490847
14490914
14490932
14490969
14491168
14491185
14491213
14491248
14491724
14491758
14491868
14491891
14492066
14492175
14492206
14492231
14492264
14492277
14492297
14492455
14492562
14492568
14492582
14492694
14492706
14492708
14492781
14492809
14493079
14493083
14493127
14493293
14493333
14493360
14493407
14493424
14493439
14493499
14493502
14493542
14493579
14493619
14493621
14493711
14493752
14493805
14493825
14493858
14493863
14493904
14493924
14494411
14494443
14494587
14494695
14494751
14494962
14494963
14494997
14495115
14495207
14495208
14495222
14495233
14495248
14495328
14495331
14495339
14495401
14495404
14495405
14495496
14495533
14495752
14495757
14496010
14496039
14496046
14496085
14496121
14496161
14496296
14496337
14496524
14496558
14496587
14496610
14496714
14496787
14496856
14496998
14497006
14497093
14497123
14497214
14497397
14497549
14497618
14497652
14497656
14498043
14498048
14498079
14498082
14498137
14498161
14498336
14498370
14498409
14498659
14498699
14498726
14498844
14499166
14499168
14499221
14499718
14499724
14499728
14499754
14499909
