14410944
14410962
14410971
14410997
14411054
14411090
14411244
14411467
14411503
14411741
14411857
14411882
14411896
14412051
14412064
14412088
14412124
14412361
14412609
14412681
14412751
14412763
14412765
14412856
14412953
14412986
14413051
14413059
14413092
14413227
14413473
14413593
14413742
14414031
14414076
14414116
14414528
14414540
14414553
14414711
14414724
14414831
14414843
14414922
14415172
14415174
14415212
14415261
14415319
14415331
14415389
14415397
14415496
14415499
14415583
14415621
14415718
14416129
14416132
14416215
14416398
14416455
14416573
14416598
14416634
14416682
14416749
14416774
14416827
14416843
14416853
14416944
14417059
14417075
14417139
14417212
14417272
14417300
14417315
14417337
14417338
14417375
14417376
14417380
14417424
14417502
14417605
14417612
14417639
14418030
14418035
14418127
14418132
14418139
14418146
14418207
14418295
14418322
14418360
14418396
14418448
14418484
14418485
14418578
14418739
14418769
14418813
14418889
14418896
14419014
14419088
14419155
14419243
14419245
14419261
14419386
14419475
14419561
14419663
14419704
14419707
14419725
14419732
14419741
14419778
14419876
14419912
14419957
14419984
14420132
14420287
14420302
14420402
14420483
14420499
14420555
14420573
14420585
14420629
14420637
14420642
14420656
14420728
14420747
14420802
14420835
14420987
14420996
14421003
14421029
14421151
14421156
14421229
14421291
14421306
14421451
14421470
14421505
14421524
14421609
14421620
14421678
14421680
14421698
14421726
14421727
14421829
14421969
14422228
14422291
14422316
14422328
14422333
14422345
14422363
14422406
14422417
14422444
14422477
14422486
14422500
14422537
14422543
14422547
14422574
14422625
14422878
14422961
14423011
14423014
14423024
14423040
14423046
14423054
14423091
14423154
14423295
14423321
14423358
14423371
14423384
14423461
14423495
14423595
14423796
14423828
14424209
14424244
14424364
14424376
14424499
14424550
14424555
14424632
14424700
14424742
14424860
14424902
14424954
14425287
14425294
14425439
14425527
14425676
14425712
14425796
14425945
14426569
14426790
14426873
14427193
14427246
14427338
14427393
14427397
14427442
14427682
14427708
14427744
14427927
14427951
14428045
14428054
14428055
14428109
14428158
14428181
14428385
14428464
14428502
14428509
14428563
14428606
14428628
14428643
14428704
14428707
14428733
14428788
14428797
14428915
14428992
14429006
14429007
14429017
14429122
14429148
14429154
14429171
14429217
14429333
14429347
14429363
14429512
14429588
14429601
14429614
14429624
14429627
14429645
14429691
14429709
14429741
14429773
14429942
14429979
14429991
14430059
14430064
14430180
14430375
14430410
14430411
14430523
14430553
14430618
14430697
14430828
14430874
14431071
14431310
14431333
14431399
14431435
14431436
14431498
14431552
14431686
14431739
14431857
14431999
14432067
14432163
14432164
14432290
14432305
14432427
14432442
14432632
14432721
14432735
14432742
14432795
14432996
14433374
14433937
14433992
14434305
14434691
14434756
14434929
14435052
14435131
14435134
14435256
14435332
14435336
14435388
14435393
14435430
14435479
14435561
14435577
14435637
14435755
14435973
14436103
14436104
14436277
14436306
14436307
14436389
14436477
14436492
14436494
14436521
14436546
14436614
14436657
14436754
14436783
14437404
14437423
14437434
14437475
14437781
14437784
14437824
14437876
14437881
14437975
14437998
14438510
14438893
14438955
14439047
14439090
14439221
14439237
14439350
14439366
14439379
14439385
14439495
14439622
14439673
14439676
14439709
14439720
14439818
14439843
14440011
14440164
14440249
14440387
14440580
14440697
14440702
14440712
14440752
14440826
14441146
14441234
14441692
14441734
14441831
14441860
14441864
14441867
14441879
14441891
14441976
14442004
14442021
14442033
14442089
14442254
14442337
14442581
14442648
14442666
14442718
14442804
14442828
14442868
14443248
14443250
14443259
14443402
14443633
14443745
14443811
14443885
14443896
14443911
14444030
14444070
14444204
14444322
14444417
14444540
14444753
14444977
14445070
14445083
14445155
14445231
14445251
14445263
14445421
14445556
14446181
14446264
14446360
14446411
14446695
14446771
14446818
14446831
14447018
14447029
14447043
14447048
14447208
14447280
14447329
14447547
14447734
14447828
14447914
14447961
14448284
14448542
14448718
14448761
14448795
14448878
14448906
14449007
14449013
14449042
14449166
14449206
14449258
14449332
14449380
14449748
14449823
14450075
14450163
14450224
14450294
14450303
14450316
14450317
14450367
14450421
14450427
14450460
14450540
14450709
14450860
14450893
14450907
14451041
14451424
14451539
14451634
14451770
14451799
14451927
14452001
14452282
14452315
14452375
14452415
14452465
14452544
14452548
14452655
14452896
14452944
14452956
14453256
14453261
14453324
14453720
14453839
14453910
14453918
14453939
14454059
14454095
14454180
14454197
14454422
14454435
14454507
14454515
14454527
14454627
14454665
14454681
14454718
14454785
14454832
14454847
14454889
14454994
14455024
14455130
14455255
14455259
14455315
14455316
14455369
14455566
14455631
14455803
14455825
14455909
14456032
14456062
14456463
14456743
14456910
14457084
14457252
14457473
14457511
14457768
14457844
14457922
14457943
14457952
14458071
14458411
14458422
14458465
14458613
14458693
14458722
14458742
14458881
14458907
14459138
14459143
14459262
14459268
14459570
14459574
14459654
14459666
14459736
14459765
14460028
14460085
14460229
14460385
14460904
14460966
14461090
14461207
14461272
14461305
14461343
14461379
14461467
14461535
14461945
14462152
14462179
14462205
14462487
14462583
14462683
14462752
14462829
14462886
14462928
14463041
14463343
14463378
14463434
14463521
14463534
14463578
14463604
14463663
14463687
14464169
14464225
14464264
14464294
14464332
14464453
14464537
14464869
14465064
14465154
14465198
14465424
14465477
14465503
14465600
14465617
14465627
14465785
14465825
14465873
14465969
14466115
14466135
14466243
14466276
14466390
14466544
14466597
14466799
14466839
14466845
14466886
14466888
14466903
14466921
14466962
14466972
14467055
14467077
14467167
14467275
14467340
14467465
14467516
14467544
14467582
14467617
14467696
14467767
14467776
14467792
14467910
14467926
14467987
14468032
14468043
14468107
14468128
14468164
14468244
14468253
14468257
14468356
14468379
14468405
14468410
14468480
14468646
14468676
14468755
14468948
14469148
14469209
14469276
14469379
14469425
14469534
14469535
14469563
14469635
14469709
14469748
14469868
14469927
14470047
14470055
14470067
14470209
14470228
14470284
14470344
14470724
14470820
14470973
14470987
14471047
14471371
14471378
14471419
14471459
14471682
14471726
14471745
14471752
14471927
14472074
14472266
14472310
14472321
14472413
14472476
14472843
14473126
14473274
14473281
14473399
14473711
14473726
14473799
14473957
14474066
14474070
14474135
14474179
14474182
14474248
14474341
14474485
14474519
14474560
14474575
14474631
14474802
14474889
14474923
14475104
14475389
14475472
14475520
14475595
14475605
14475631
14475667
14475711
14476164
14476362
14476371
14476522
14476613
14476709
14476723
14476846
14476928
14476962
14477159
14477216
14477226
14477253
14477257
14477438
14477535
14477679
14477901
14478011
14478056
14478079
14478185
14478218
14478327
14478345
14478596
14478738
14478778
14478897
14478907
14479122
14479126
14479179
14479340
14479348
14479423
14479441
14479719
14479740
14479769
14479786
14479977
14480126
14480176
14480227
14480255
14480329
14480386
14480427
14480435
14480500
14480510
14480616
14480748
14480750
14480751
14480797
14480909
14480949
14480970
14481171
14481173
14481175
14481531
14481719
14481870
14481879
14481939
14481941
14482049
14482389
14482555
14482612
14483231
14483235
14483283
14483328
14483343
14483365
14483367
14483466
14483674
14483694
14483891
14484049
14484170
14484200
14484296
14484302
14484357
14484462
14484886
14484959
14484977
14485374
14485403
14485472
14485504
14485529
14485592
14485901
14486253
14486269
14486373
14486506
14486595
14486609
14486649
14486734
14486840
14486849
14486958
14487052
14487073
14487088
14487180
14487193
14487252
14487271
14487380
14487444
14487546
14487645
14487647
14488140
14488143
14488337
14488489
14488715
14488927
14489124
14489567
14489666
14489731
14489757
14489868
14489916
14489991
14490050
14490234
14490237
14490437
14490528
14490586
14490665
14490833
14490867
14490916
14490940
14490963
14490997
14491134
14491147
14491173
14491236
14491275
14491401
14491409
14491529
14491553
14491613
14491681
14491804
14491979
14492146
14492169
14492408
14492443
14492578
14492758
14492781
14492880
14493210
14493918
14493935
14493951
14493993
14494015
14494033
14494129
14494204
14494317
14494523
14494556
14494576
14494907
14495563
14496085
14496131
14496158
14496164
14496378
14496448
14496508
14496758
14496936
14497183
14497187
14497196
14497256
14497333
14497347
14497359
14497427
14497491
14497607
14497785
14497807
14497999
14498385
14498448
14498454
14498477
14498495
14498504
14498539
14498591
14498845
14499065
14499175
14499314
14499349
14499451
14499453
14499606
