13894891
13894934
13900106
13900528
13901146
13901328
13902346
13902654
13905880
13908423
13910297
13910725
13912687
13915062
13915591
13916307
13918090
13918648
13919886
13920067
13920833
13920916
13921590
13924391
13924450
13925611
13927147
13927622
13927679
13928063
13928165
13928793
13928873
13928917
13928930
13929052
13929275
13929286
13933247
13934145
13934435
13934833
13935841
13936628
13937377
13937386
13937869
13938170
13938376
13939023
13939137
13939275
13939356
13939825
13940119
13940930
13941479
13942790
13943729
13943828
13944064
13945790
13946501
13947129
13948207
13948208
13949648
13950126
13951541
13951618
13952743
13952745
13953199
13953451
13953640
13955146
13955197
13956211
13956274
13956295
13956297
13956531
13956590
13956599
13957013
13957248
13957505
13957970
13958229
13958794
13959194
13959240
13959337
13959380
13959417
13959769
13960814
13960866
13961416
13961542
13961715
13961904
13962392
13962644
13963852
13963901
13964215
13964498
13964507
13964531
13965279
13965889
13966568
13966840
13970127
13970525
13971230
13971234
13971407
13971650
13971739
13972251
13972326
13972873
13976013
13976513
13976716
13977936
13978031
13978278
13978817
13979459
13979756
13981782
13982902
13982907
13983108
13983210
13983759
13984139
13984769
13985144
13985268
13985686
13986746
13988409
13989927
13989998
13990486
13991358
13991679
13991787
13992277
13993739
13994148
13994574
13994594
13994770
13995556
13995719
13997754
13998869
14001381
14001695
14002423
14004919
14005089
14006501
14006549
14006727
14007216
14008404
14009048
14009517
14010289
14011014
14011905
14011984
14012343
14012711
14012988
14014280
14014962
14016667
14017033
14018317
14018720
14019317
14020424
14020429
14020437
14020465
14020475
14020751
14023298
14025186
14025322
14025793
14026433
14026451
14026483
14026501
14026650
14026941
14027048
14027367
14029016
14029726
14030075
14030470
14031719
14031929
14032255
14032974
14033120
14033167
14033245
14034038
14034412
14034618
14035941
14036861
14036986
14039558
14040843
14043427
14043986
14044035
14044883
14046947
14048784
14048934
14049365
14050087
14050560
14051785
14051922
14051947
14051963
14052006
14052056
14052156
14052253
14052261
14052473
14052833
14052921
14053223
14053525
14053625
14053714
14053967
14054681
14054841
14054954
14055127
14055364
14055380
14055470
14056406
14056949
14056966
14057345
14057394
14057401
14058537
14059230
14059903
14060072
14060199
14060408
14060454
14061142
14061840
14062053
14066105
14066735
14067386
14067773
14068075
14068446
14068470
14068676
14068691
14068860
14069317
14070819
14071311
14071549
14074299
14075243
14076246
14079432
14079798
14083041
14083799
14084223
14084241
14084497
14086424
14086431
14087698
14090807
14090919
14091881
14092238
14093198
14096519
14096592
14096732
14097354
14097469
14098240
14099784
14100025
14100038
14100732
14100829
14101824
14102474
14103010
14107654
14108410
14108979
14108999
14110810
14111282
14111335
14112340
14112764
14113887
14113897
14114877
14116188
14116464
14116648
14116698
14118495
14118561
14119041
14120004
14124783
14125326
14126264
14126472
14126552
14128268
14129247
14129343
14131461
14131473
14132216
14132931
14133105
14133681
14134260
14134566
14136192
14136214
14137345
14137630
14137946
14138771
14139267
14141674
14142737
14142961
14145032
14145927
14145996
14146698
14147007
14147221
14147678
14148980
14150265
14150677
14151165
14151657
14152041
14154060
14154622
14155448
14155483
14155758
14156720
14157105
14160556
14161193
14161243
14162688
14163244
14163394
14163906
14164172
14164266
14165017
14166025
14166409
14166583
14166685
14166687
14166753
14166768
14166838
14166931
14168111
14170226
14170502
14170774
14170789
14170861
14171738
14174409
14177748
14177752
14177885
14178688
14180098
14181019
14183111
14183180
14183509
14185837
14186369
14187854
14188827
14190428
14190839
14191419
14191538
14191716
14192561
14193066
14193815
14194099
14194151
14194158
14194510
14194974
14196386
14197356
14199520
14199716
14200386
14202040
14202238
14202690
14203829
14204028
14204519
14205667
14207388
14208661
14210726
14211259
14211659
14211805
14213043
14214487
14215544
14215653
14216969
14217048
14217447
14218009
14218102
14218861
14220467
14220617
14221436
14222265
14222588
14223371
14223382
14224284
14224430
14224667
14225184
14225269
14228903
14229339
14230398
14230910
14231190
14235362
14236024
14238078
14238094
14238183
14241274
14241726
14243530
14244015
14245037
14245103
14246439
14247171
14247198
14250250
14251848
14252262
14253105
14253223
14253507
14255716
14256179
14256364
14256634
14258316
14258777
14258950
14259002
14259317
14259466
14259653
14261567
14262608
14265932
14266308
14266343
14266556
14266953
14266986
14267148
14267278
14267484
14267971
14268097
14268209
14268366
14269001
14269805
14269907
14270080
14270676
14270733
14270894
14271114
14271144
14271636
14271770
14272679
14273044
14273170
14273371
14273925
14273948
14275172
14275702
14276732
14276838
14280402
14281672
14283139
14283171
14283306
14283400
14284026
14284951
14285006
14285228
14285448
14287976
14288221
14288378
14288593
14289223
14291764
14292303
14292404
14292552
14292583
14292616
14293835
14294830
14296027
14296200
14296599
14296695
14296727
14298194
14299467
14301275
14304791
14304887
14305018
14305046
14305262
14305392
14305402
14305923
14305931
14306167
14306299
14306301
14306323
14306901
14307021
14307532
14308133
14308224
14309573
14309585
14312025
14313242
14314133
14315571
14316291
14316594
14316869
14316898
14317193
14317535
14318478
14318728
14318842
14319742
14319807
14319973
14320542
14320693
14320913
14322263
14324199
14325013
14326867
14327826
14328736
14329098
14329853
14330571
14330795
14331626
14331866
14332475
14332933
14333027
14333212
14333513
14337245
14337376
14338246
14339009
14339182
14339219
14339527
14339611
14339647
14340462
14340844
14340895
14341141
14341208
14341625
14341690
14341750
14341778
14341809
14342661
14343413
14344094
14344189
14344610
14345020
14345231
14346524
14347113
14348108
14348890
14348907
14350185
14350379
14351284
14351527
14351536
14351538
14351705
14351709
14351712
14351713
14351728
14351851
14352178
14352472
14352509
14352561
14352903
14353452
14353470
14353657
14354065
14355279
14356279
14356563
14359365
14361423
14361763
14362439
14362560
14363306
14363722
14363758
14364950
14366423
14367312
14368669
14368821
14369459
14369827
14370455
14370872
14371215
14372250
14372972
14373915
14374134
14375386
14375878
14376032
14377372
14379880
14382488
14383223
14384148
14384462
14384518
14384587
14384765
14385084
14385404
14386266
14386355
14386791
14387629
14387769
14389146
14389499
14389536
14389546
14389553
14393673
14394006
14394705
14394790
14395602
14396021
14397459
14398062
14398078
14398560
14398861
14399735
14400026
14400034
14400330
14401383
14401888
14401921
14401946
14402503
14402565
14403365
14403945
14404259
14405396
14405479
14405484
14405519
14405796
14407475
14407942
14408945
14408974
14410135
14410233
14410405
14412316
14413393
14413924
14414029
14414177
14414336
14414358
14414422
14414423
14414603
14415258
14415463
14415817
14416315
14416699
14417157
14417358
14417490
14417627
14417661
14418068
14418119
14418468
14418841
14420023
14420484
14420730
14420984
14422582
14423506
14423862
14423983
14424565
14425119
14425341
14425406
14425643
14425903
14426601
14426825
14426908
14427039
14427655
14428034
14428076
14428087
14428099
14428151
14428166
14428253
14428700
14429135
14429750
14430435
14430446
14430555
14431063
14431613
14433544
14434235
14434703
14434735
14434749
14434894
14434904
14434905
14434906
14434907
14434983
14435003
14435007
14435009
14435013
14435019
14435020
14435021
14435022
14435024
14435038
14435039
14435041
14435042
14435044
14435048
14435049
14435051
14435056
14435062
14435063
14435064
14435065
14435105
14435108
14435116
14435117
14435118
14435119
14435127
14435128
14435130
14435132
14435158
14435338
14435647
14435949
14436210
14436279
14436475
14438198
14438639
14439048
14440804
14441221
14441889
14441992
14442002
14442488
14442822
14443157
14443162
14443196
14443261
14445082
14445108
14446533
14446627
14446698
14446939
14447357
14447418
14448383
14449100
14449139
14449183
14450418
14450453
14452099
14452757
14454662
14454690
14455164
14455323
14455502
14455737
14456020
14456650
14456933
14457023
14457759
14457916
14458348
14459291
14459645
14459904
14461317
14461354
14463571
14464739
14464876
14465254
14465793
14466002
14467993
14468338
14468350
14468429
14470281
14470490
14470682
14470757
14471788
14472104
14472151
14473064
14473238
14473318
14474108
14474457
14476535
14477990
14478106
14478416
14479205
14479764
14479779
14480252
14480280
14480787
14480823
14480826
14480897
14480913
14481024
14481368
14481384
14481426
14483650
14483901
14484025
14484671
14484874
14486230
14486295
14488007
14488891
14489150
14489154
14490022
14491108
14491165
14491197
14492738
14494141
14495539
14495542
14496437
14497314
14497517
14497687
14498971
14499165
14499218
14499700
