14301947
14302143
14302160
14302320
14302544
14302707
14302711
14302940
14302957
14303859
14303957
14304550
14304567
14304748
14305462
14306527
14306548
14306550
14307538
14307549
14307672
14308143
14308405
14308419
14308436
14308568
14308597
14308784
14308804
14309038
14309206
14309261
14309285
14309359
14309744
14309764
14310066
14310551
14311127
14311294
14311466
14311535
14311981
14311989
14311999
14312001
14312384
14312388
14312487
14312505
14313044
14313501
14313593
14314351
14314509
14314933
14314973
14315009
14315127
14315194
14315795
14316458
14316461
14316587
14317436
14317524
14317537
14317624
14318228
14318235
14318486
14318518
14318531
14319437
14319438
14319448
14319587
14319973
14320176
14320452
14320849
14320901
14321697
14321845
14321944
14322474
14322479
14323161
14323438
14323599
14323644
14323818
14324083
14324097
14324115
14324666
14324846
14324912
14324956
14325342
14325429
14325744
14325749
14325757
14325759
14325767
14325981
14326448
14326613
14326619
14326647
14326654
14326696
14326943
14327606
14327610
14327634
14327653
14327655
14327909
14327975
14327978
14329396
14330826
14330871
14331248
14331377
14331428
14331541
14331559
14331849
14331976
14331984
14332112
14332122
14332124
14332344
14332754
14332760
14332762
14332794
14332885
14333147
14333256
14333412
14333539
14333549
14333728
14334231
14334436
14334497
14335465
14335482
14336186
14336273
14336694
14336724
14336864
14336899
14336954
14337269
14337299
14337458
14337552
14337709
14337735
14338510
14339044
14339093
14339331
14340043
14340482
14340531
14340537
14340591
14340799
14340956
14341023
14341541
14341572
14341688
14341691
14341702
14341713
14341716
14341717
14342138
14343387
14344112
14344132
14344401
14344445
14344484
14344545
14344686
14344833
14344838
14344980
14345311
14345441
14345461
14345603
14346022
14346328
14347329
14348905
14349165
14349933
14349980
14350183
14350294
14351226
14351343
14351384
14351401
14351413
14351582
14351588
14351605
14351615
14351723
14351867
14352196
14352273
14352492
14352501
14352519
14353068
14353113
14353517
14353917
14353928
14354098
14354579
14354626
14354687
14355661
14356187
14356960
14357699
14357701
14358159
14358354
14358710
14359467
14359474
14359478
14359583
14360075
14360082
14360087
14360090
14360212
14360840
14360853
14360864
14361200
14361238
14361322
14361328
14361379
14361888
14362775
14362783
14362853
14362882
14363306
14364343
14364563
14364598
14364614
14364794
14365336
14365703
14365716
14365900
14366139
14366369
14366443
14366690
14367158
14367944
14368398
14370050
14371120
14371307
14371785
14371945
14371948
14372172
14372556
14372624
14372834
14372842
14373215
14373581
14374219
14374563
14374735
14375215
14375254
14375547
14375552
14375630
14377216
14377348
14377435
14377924
14377937
14377941
14378364
14378366
14378370
14378511
14378757
14378777
14378781
14378788
14378810
14378814
14379133
14379135
14379522
14379541
14379591
14379633
14379645
14379697
14379813
14380170
14381232
14381264
14381423
14381738
14381743
14381859
14382550
14382578
14382629
14382716
14382841
14382959
14383468
14383472
14383894
14383901
14383970
14384682
14386039
14386060
14386624
14387747
14387812
14387814
14388687
14388930
14389123
14389152
14389438
14389488
14389553
14390172
14390265
14390441
14390654
14390657
14390662
14390758
14390876
14390925
14391228
14392074
14392683
14394643
14394816
14394819
14394840
14395021
14395051
14395758
14395967
14395969
14396371
14396582
14396586
14396588
14396593
14396599
14396617
14396621
14396975
14397238
14397563
14397627
14397818
14397836
14397839
14398024
14398038
14398172
14398234
14399536
14399792
14400832
14400853
14400874
14400930
14400957
14401122
14401130
14401188
14401189
14401208
14401210
14401357
14401366
14401484
14401494
14401502
14401575
14401605
14401694
14402130
14402178
14402179
14402190
14402210
14402400
14402468
14402766
14402783
14402857
14402944
14402959
14402995
14403031
14403046
14403089
14403120
14403138
14403144
14403210
14403271
14403299
14403333
14403379
14403380
14403396
14403402
14403413
14403436
14403445
14403475
14403494
14403519
14403536
14403585
14403587
14403768
14403770
14404653
14405166
14405518
14406421
14406483
14406894
14407155
14407440
14407455
14407692
14408363
14408371
14409098
14409113
14409227
14409229
14409740
14409780
14409886
14410321
14410424
14410452
14410495
14410642
14410909
14411091
14411109
14411354
14411372
14411411
14411422
14411427
14411495
14411691
14412013
14413041
14413932
14414050
14414849
14414880
14414945
14415187
14415316
14415640
14415689
14415694
14416890
14416910
14417162
14417171
14417213
14417553
14418015
14418606
14418941
14419549
14419575
14419583
14419807
14420380
14420497
14420501
14420666
14420676
14420785
14420845
14420847
14420896
14420937
14421419
14421430
14421461
14421599
14421786
14421825
14421828
14421851
14421868
14421871
14421874
14421994
14422152
14422157
14422240
14422243
14422251
14422276
14422327
14422345
14422349
14422397
14422562
14422603
14422891
14423370
14423600
14423608
14423612
14423614
14424227
14424402
14424764
14424819
14425220
14425246
14425421
14425610
14425617
14425772
14425778
14425781
14426059
14426421
14426424
14426439
14426482
14426492
14426701
14426708
14426895
14427040
14427047
14427085
14427142
14427339
14427342
14427402
14427433
14427447
14427464
14427630
14427639
14427660
14427672
14428010
14428070
14428433
14428444
14428609
14429105
14429722
14429905
14429912
14429977
14429979
14429982
14430082
14430136
14430143
14430256
14430269
14430319
14430324
14430386
14430389
14430409
14430411
14430417
14430445
14430459
14430623
14430765
14430766
14430864
14430882
14431249
14432311
14432602
14433514
14433629
14433988
14433993
14434027
14434039
14434047
14434067
14434072
14434073
14434077
14434100
14434105
14434139
14434154
14434169
14434176
14434177
14434220
14434231
14434327
14434333
14434489
14434587
14434594
14434615
14434625
14434707
14434715
14434761
14434763
14434887
14435270
14435309
14435320
14435407
14435445
14435588
14435791
14436176
14436273
14436320
14436326
14436593
14436605
14436680
14436761
14436814
14436825
14436987
14437146
14437264
14437384
14438100
14439008
14439380
14439481
14439921
14440132
14440176
14440183
14440267
14440347
14440390
14440485
14440489
14440565
14440573
14440600
14440640
14440714
14440719
14440728
14440853
14440861
14440881
14441218
14441222
14441229
14441243
14441268
14441279
14441294
14441315
14441580
14442001
14442027
14442032
14443493
14443498
14443716
14443879
14444095
14444096
14444104
14444107
14444270
14444276
14444462
14444479
14444721
14444984
14445073
14445091
14445094
14445407
14446178
14446762
14447550
14447788
14447795
14447976
14448478
14448482
14448483
14448508
14448511
14448527
14448529
14448550
14449000
14449037
14449160
14449339
14449345
14449382
14449386
14449887
14449897
14449949
14449950
14449978
14449986
14449994
14450072
14450075
14450077
14450086
14451423
14451515
14451590
14451633
14451653
14452426
14452432
14452546
14452884
14452887
14452910
14452932
14452941
14452944
14452951
14452954
14452958
14452962
14453066
14453071
14453095
14453099
14453100
14453101
14453102
14453385
14453491
14453500
14453719
14453720
14453721
14453782
14453788
14453844
14453849
14453903
14453974
14454059
14454370
14454442
14454650
14454654
14454721
14454742
14454765
14454786
14454793
14455104
14455106
14455212
14455274
14455373
14455385
14455715
14455844
14455850
14455860
14456109
14456130
14456133
14456239
14456594
14456873
14457275
14457287
14459172
14459434
14459440
14459445
14459664
14459679
14459829
14459946
14459959
14460317
14460322
14460383
14460388
14460798
14461149
14461339
14462194
14462757
14463475
14463593
14463786
14464686
14464718
14465247
14465414
14465440
14465448
14465479
14466116
14466191
14466669
14467160
14467724
14467729
14468753
14468755
14469115
14469117
14469127
14469170
14469312
14469317
14469442
14469446
14469727
14470025
14470752
14471152
14471206
14471227
14471329
14472374
14472376
14473008
14473226
14473236
14473240
14473242
14473444
14473816
14473961
14474067
14474513
14474627
14474667
14475157
14475236
14476063
14476455
14477888
14478431
14478514
14478553
14478575
14478592
14478742
14478768
14478789
14478875
14478897
14479015
14479303
14479313
14479342
14479356
14480479
14480606
14480649
14480754
14480764
14480844
14480897
14481116
14481129
14481600
14481971
14482685
14482688
14483044
14483092
14483335
14483370
14484264
14484316
14484731
14484740
14484852
14484856
14485103
14485438
14485444
14485730
14485748
14485826
14486189
14486198
14486212
14486218
14486300
14486319
14486421
14486668
14486681
14486790
14486799
14486801
14486873
14487009
14487109
14487188
14487209
14487323
14487477
14488145
14489756
14489927
14490067
14490138
14490707
14490730
14490844
14491144
14491179
14491221
14491501
14491782
14491843
14492380
14493869
14494988
14494993
14495135
14495352
14495455
14495903
14496549
14496585
14497580
14498252
14498275
14498279
14498288
14498394
14499183
14499236
14499337
14499547
14499581
14499788
