14092000
14093138
14093139
14093327
14093334
14093428
14094021
14094033
14094250
14094421
14095137
14095287
14095311
14095390
14095449
14095709
14095718
14096231
14096409
14097135
14098378
14098401
14099074
14099163
14099457
14100373
14100540
14100779
14101818
14102711
14102732
14103612
14103781
14104769
14104893
14105527
14106456
14106809
14107026
14108613
14108751
14109228
14109764
14110135
14110662
14110742
14111375
14112648
14113539
14114168
14114927
14114933
14114957
14115219
14116749
14117065
14117216
14117540
14118025
14118698
14118766
14118771
14118779
14119241
14119712
14119813
14120028
14120140
14121104
14121350
14122150
14123376
14123552
14123927
14124001
14124003
14124475
14124521
14124720
14125173
14125315
14125742
14126303
14126594
14127614
14127871
14127999
14128862
14129433
14129437
14129845
14130023
14131007
14131129
14131426
14132004
14132005
14132098
14132627
14133790
14134042
14134074
14134149
14134186
14134265
14136442
14137198
14137280
14137940
14138333
14138595
14139212
14139474
14139921
14140500
14140586
14140589
14140686
14140718
14140874
14140946
14140954
14141639
14142716
14142971
14143339
14143638
14143812
14143946
14144811
14145633
14145688
14145952
14145978
14146226
14146433
14146766
14146783
14146790
14146979
14147009
14147011
14147328
14148355
14148731
14149102
14150684
14151303
14151468
14153277
14153287
14153317
14153465
14153506
14153507
14154133
14154457
14155646
14157484
14157780
14158102
14158173
14158628
14159314
14159914
14160019
14160828
14161888
14162109
14164232
14164277
14164442
14166375
14166397
14167537
14168543
14168817
14168989
14169604
14170103
14170690
14170876
14170927
14171558
14171561
14172187
14172372
14172732
14172869
14174060
14174202
14174290
14175010
14175814
14176214
14176220
14176463
14176518
14176621
14176807
14177167
14177221
14177235
14177666
14178045
14178589
14178636
14178730
14178736
14179297
14180473
14181019
14181395
14181450
14181806
14182320
14183570
14183663
14184307
14184321
14184364
14185326
14185374
14185502
14185509
14185734
14185759
14186917
14187637
14187751
14187925
14188118
14188985
14189107
14189428
14189742
14189753
14190221
14190944
14191067
14191133
14191472
14191850
14191890
14192234
14192614
14193132
14193347
14194248
14194440
14194827
14194956
14195270
14195347
14195484
14196815
14196866
14196961
14197627
14197674
14198972
14199572
14199861
14200131
14201013
14201845
14201941
14201962
14202354
14203865
14204185
14204401
14204675
14204683
14205374
14206307
14206636
14206946
14207519
14207734
14207752
14208151
14208188
14209705
14210330
14211068
14211122
14211299
14211343
14211390
14212086
14212501
14213238
14214490
14214678
14215098
14215286
14215628
14216162
14216346
14216357
14216362
14216746
14217309
14217606
14217791
14218350
14218951
14219602
14221058
14221110
14221192
14221990
14222616
14223115
14223277
14223825
14224480
14224536
14224762
14225302
14226402
14227293
14227558
14227921
14227988
14228588
14229059
14229063
14229429
14229596
14230939
14230947
14230950
14231287
14231332
14231580
14231588
14233743
14233746
14233876
14234626
14234638
14235905
14235941
14236088
14236246
14236382
14236674
14236798
14236802
14237652
14237918
14237971
14240137
14241329
14241411
14241536
14241658
14241723
14241965
14242029
14242047
14242084
14242288
14242427
14242853
14242901
14243104
14243456
14243938
14244055
14244412
14244654
14245097
14245595
14246133
14246653
14247383
14248075
14248397
14248459
14248540
14248750
14248767
14250929
14251442
14252256
14253085
14253412
14253482
14253484
14253619
14253835
14253906
14253976
14253987
14253989
14253994
14254009
14254142
14254769
14255013
14255130
14255214
14256188
14256202
14257068
14257373
14257984
14258112
14258122
14258398
14259560
14260327
14261380
14261619
14261710
14262496
14263035
14263827
14263980
14264753
14264862
14265281
14266019
14266434
14266598
14266661
14266752
14266767
14266771
14266850
14266855
14266924
14266942
14266970
14266990
14267151
14267155
14267170
14267238
14267251
14267310
14267357
14267369
14267379
14267393
14267403
14267432
14267581
14267792
14267793
14267850
14267924
14267957
14268005
14268118
14268132
14268141
14268142
14268269
14268302
14268514
14268665
14268685
14268716
14268984
14269017
14269066
14270231
14270467
14270484
14270561
14270906
14270920
14271357
14271372
14271715
14271723
14271728
14271979
14273042
14273377
14273386
14274135
14274548
14274573
14274624
14274631
14274675
14274889
14274941
14275141
14275264
14275432
14275750
14275861
14276014
14276465
14276466
14276886
14276981
14277328
14277877
14277969
14278284
14280232
14281161
14282403
14282724
14283151
14283526
14283994
14284143
14284352
14284358
14284558
14284602
14286164
14286292
14286293
14286771
14287202
14287944
14288896
14289197
14289207
14289228
14290025
14290290
14291324
14291806
14291808
14292377
14294535
14294641
14295439
14295667
14295806
14295846
14297512
14297827
14298007
14299633
14299719
14299792
14299807
14300032
14300054
14300311
14300514
14300744
14301003
14301218
14301393
14301842
14302145
14302651
14302964
14302990
14303285
14303444
14304011
14304548
14304769
14305219
14305297
14306145
14306561
14307786
14308146
14308335
14309596
14310000
14310059
14310070
14310188
14310449
14311447
14311553
14312556
14314681
14314789
14315141
14315225
14315686
14316891
14318000
14318156
14318978
14320377
14320869
14321082
14321185
14321575
14321592
14323360
14323778
14323924
14324076
14324728
14324871
14325424
14325841
14326254
14326490
14327573
14328204
14329746
14331289
14331608
14331907
14332966
14334044
14334529
14334626
14334920
14335212
14336152
14336729
14336891
14337228
14337316
14337441
14337556
14338280
14338326
14339339
14339914
14340413
14340772
14340857
14340861
14341605
14341691
14342218
14342225
14342407
14342821
14343665
14344998
14345207
14345512
14345824
14345839
14347717
14347946
14348310
14350090
14350470
14350996
14351646
14352201
14352580
14353543
14353614
14353778
14354632
14354696
14354998
14355282
14355773
14357122
14357522
14358426
14359527
14360514
14361262
14361705
14361792
14362005
14362560
14362569
14362576
14362877
14363871
14364542
14364548
14364970
14365968
14366148
14366151
14366942
14366948
14367670
14367934
14368059
14368204
14368279
14369370
14370213
14371656
14371960
14372347
14372382
14373956
14374543
14375044
14376457
14376626
14378293
14378724
14378739
14380884
14381328
14381505
14382748
14383038
14383698
14384725
14385172
14385311
14385687
14387077
14387337
14388122
14388441
14389437
14389958
14391421
14391576
14392536
14392547
14392582
14393165
14393514
14393757
14394751
14395897
14397091
14397438
14397448
14398031
14398040
14398133
14398281
14398373
14400172
14400338
14401455
14402090
14402298
14402421
14402436
14402451
14402594
14402623
14402741
14402755
14402808
14402836
14403016
14403021
14403658
14404209
14404458
14404840
14405330
14406461
14406567
14407579
14407775
14408098
14408505
14408704
14409228
14409578
14410883
14411192
14411196
14411349
14411364
14411379
14411395
14411445
14411470
14411744
14411933
14412007
14412479
14413218
14413654
14414603
14414827
14414832
14414958
14415121
14415562
14416048
14416712
14416764
14416786
14417044
14417169
14417305
14418203
14418793
14418938
14419327
14420291
14420722
14420801
14421010
14421478
14421479
14422231
14422589
14423170
14424716
14424860
14425181
14425296
14427131
14427477
14427962
14428227
14428749
14429272
14429291
14429599
14431301
14431313
14431536
14431557
14431726
14431912
14432503
14432859
14432882
14433261
14433865
14434185
14434195
14434211
14434502
14434690
14434888
14434906
14435044
14435668
14435689
14436020
14436183
14437302
14437603
14437707
14438160
14438252
14438872
14438966
14439002
14439653
14440331
14440966
14441530
14441594
14442443
14442730
14443042
14443217
14443512
14444299
14444498
14444624
14444857
14445444
14446751
14447599
14448139
14448847
14449991
14450851
14451017
14451508
14452620
14453185
14454056
14454732
14454751
14455334
14456427
14456474
14457416
14457460
14458082
14458642
14459603
14460033
14460639
14460843
14461119
14461427
14461732
14461756
14463035
14463147
14463204
14463814
14463850
14463990
14464766
14465997
14466999
14468086
14468129
14468272
14469663
14469994
14470041
14470263
14470311
14471396
14471433
14471870
14472041
14472452
14473482
14473543
14474564
14474582
14474651
14475176
14475255
14476600
14476703
14476722
14476793
14476915
14477248
14477708
14478029
14478169
14478709
14478858
14479036
14479839
14480043
14480136
14480191
14480236
14480500
14480509
14480764
14480780
14480977
14481269
14481323
14481338
14481514
14481963
14482160
14483164
14483387
14484462
14484735
14485334
14485339
14485506
14485575
14486537
14486791
14487226
14487417
14487455
14487473
14487713
14487908
14488067
14488291
14488433
14488650
14488920
14489575
14489934
14490469
14491412
14491560
14491709
14491930
14491991
14492154
14492582
14492590
14493132
14493142
14493157
14493845
14494760
14494788
14495326
14495989
14496350
14497390
14497955
14498118
14498914
14499334
14499340
14499524
