14403421
14403519
14403697
14403771
14403780
14403815
14403879
14403887
14403888
14403934
14403950
14403961
14404205
14404406
14404499
14404889
14405195
14405488
14406271
14406644
14409207
14409230
14409377
14410981
14428085
14428783
14428985
14429377
14429456
14430378
14430403
14431474
14434730
14434784
14435539
14435549
14435646
14436445
14436489
14436499
14436501
14436525
14436569
14436602
14436609
14436626
14438236
14441594
14441664
14441810
14441931
14442305
14442330
14442654
14442881
14442899
14442991
14443025
14443049
14443639
14443780
14444415
14448170
14448419
14448482
14448617
14448626
14449199
14449626
14449785
14450258
14450395
14450587
14452063
14453441
14454501
14454700
14454870
14455609
14455629
14456293
14456603
14456922
14457081
14459716
14461481
14462533
14466081
14469036
14472786
14475978
14478987
14479980
14480017
14480061
14480104
14480268
14485433
14496066
14496204
14496252
14499578
