13904010
13905104
13905271
13905849
13905982
13906429
13909793
13909832
13911932
13911991
13912734
13912905
13913078
13913147
13913170
13913415
13916042
13916242
13917976
13918134
13918934
13918936
13919133
13919400
13919457
13919611
13919723
13919947
13920175
13920277
13922422
13924451
13924625
13925234
13925265
13925815
13925825
13925959
13925988
13926282
13926570
13926684
13926687
13926778
13926989
13929071
13929103
13931671
13931991
13932068
13932485
13933109
13933169
13934207
13937248
13937288
13937432
13937658
13937837
13938271
13938763
13938887
13938915
13939081
13939082
13939711
13941398
13941442
13941924
13942453
13944777
13945209
13945225
13945364
13945622
13945649
13945678
13945763
13945866
13946082
13946316
13946474
13946516
13946675
13946701
13947062
13948133
13948481
13948517
13948580
13949822
13950259
13950591
13950946
13951081
13951557
13951610
13952445
13952484
13952535
13954020
13954917
13956892
13957598
13957603
13957633
13957897
13958128
13958224
13958243
13958264
13958796
13959487
13959762
13959766
13960577
13960991
13961593
13962388
13962413
13962704
13962730
13963318
13964256
13964268
13964331
13964678
13964723
13964777
13964812
13965136
13965248
13965456
13966682
13969189
13970558
13971635
13971705
13971716
13973863
13975837
13976236
13978713
13978753
13979156
13982170
13983185
13983205
13983255
13983973
13984367
13984720
13987491
13987550
13987834
13987861
13988453
13988606
13988642
13989251
13989935
13990797
13991045
13991178
13991395
13991528
13992015
13992166
13996921
13997513
13997974
13998742
14004812
14005278
14006467
14007090
14007437
14009740
14009965
14010027
14010043
14010508
14010852
14011900
14011901
14011923
14013292
14014258
14014876
14015484
14015496
14015502
14015547
14015727
14015989
14016051
14016595
14016645
14016733
14016840
14016843
14017197
14017430
14017460
14017487
14017658
14017726
14017750
14019454
14020414
14021811
14022147
14022292
14022318
14022435
14022547
14022574
14022665
14022701
14022835
14022881
14022899
14022915
14023014
14023025
14023388
14024320
14024479
14024480
14024483
14025957
14027382
14027612
14027828
14027845
14027900
14028101
14028244
14028309
14028542
14028706
14028889
14028997
14029443
14029471
14029598
14029600
14029886
14029941
14030069
14030339
14030374
14030408
14030627
14030775
14032917
14033099
14033133
14033259
14033260
14034009
14034233
14034311
14034503
14034635
14034739
14034909
14035290
14035336
14035444
14035544
14035570
14035706
14035774
14035999
14036079
14036097
14036477
14036900
14037058
14037196
14037766
14038217
14038596
14039111
14039206
14040122
14041088
14041165
14041268
14041631
14041905
14041979
14042020
14042261
14042333
14042501
14042799
14042928
14043093
14043119
14043135
14043265
14044430
14044692
14045277
14046126
14046844
14046966
14047680
14047948
14047999
14048537
14049492
14050548
14051483
14051550
14052119
14052135
14052193
14052419
14052543
14052574
14052840
14052949
14053825
14053958
14054726
14056467
14056592
14058366
14058451
14060252
14060255
14060385
14060675
14060942
14061594
14061909
14061911
14061976
14062457
14062620
14063075
14063123
14063213
14063241
14063347
14065371
14065654
14066337
14066978
14067147
14067300
14067481
14067636
14067668
14067694
14067698
14067870
14067978
14068186
14068246
14068360
14068415
14068416
14068417
14068585
14070216
14070340
14070677
14071442
14071847
14071920
14072838
14072940
14073031
14073072
14073242
14073298
14073558
14073685
14074200
14074966
14075091
14076834
14077374
14079408
14079757
14079898
14080063
14080376
14080503
14081045
14081361
14081368
14081712
14081718
14081721
14082084
14084675
14084690
14084706
14084887
14085340
14085341
14085343
14087439
14088576
14092536
14094215
14094237
14094843
14097826
14099805
14100598
14101136
14101186
14101418
14105344
14105728
14105976
14106407
14107317
14108253
14111282
14113006
14114959
14116145
14117385
14117435
14118028
14119399
14119759
14119789
14124154
14124204
14126483
14126581
14126783
14126826
14127204
14127206
14127823
14130373
14131214
14132197
14132363
14132484
14132879
14134700
14136562
14137701
14138400
14139926
14139950
14139983
14140641
14141008
14143105
14143261
14143304
14145085
14145182
14145686
14145698
14145813
14146144
14146520
14146617
14148436
14148786
14150643
14151149
14151318
14152206
14152291
14152366
14152372
14152555
14152991
14153189
14153256
14153715
14158630
14159481
14159528
14159537
14163263
14163348
14163756
14163919
14164717
14166231
14166827
14169383
14169755
14170104
14170381
14170674
14170929
14170930
14170933
14171078
14171513
14172241
14175321
14175717
14177904
14178209
14178324
14178348
14178519
14178742
14178781
14179599
14179970
14180858
14182189
14182307
14182627
14183180
14184071
14184716
14184724
14186613
14186653
14186743
14186981
14187001
14187021
14187023
14189994
14190370
14190660
14190880
14191386
14191474
14191510
14191624
14191662
14191809
14192667
14195489
14195741
14195960
14196467
14196502
14196946
14197007
14197092
14197154
14197203
14197254
14197286
14197348
14197433
14197515
14197545
14197618
14197661
14197689
14197732
14197856
14198004
14198613
14200081
14201218
14201831
14201926
14202316
14202518
14202748
14202799
14203006
14203086
14203203
14203324
14203377
14203412
14203459
14203468
14204061
14204603
14205141
14205179
14205180
14205199
14205233
14205258
14205320
14205323
14205939
14209619
14209949
14210167
14210269
14214903
14214913
14216829
14217039
14217049
14217768
14218432
14222356
14223397
14223551
14224316
14227773
14228545
14230279
14230737
14230910
14235263
14235289
14235389
14235392
14235829
14236297
14236302
14237554
14237559
14241369
14242015
14242556
14242680
14246698
14248158
14248573
14248893
14248896
14248955
14249045
14249277
14249837
14250019
14250113
14250124
14251963
14252138
14252287
14253106
14253107
14253228
14253303
14253452
14253637
14255436
14255729
14260607
14261112
14261786
14261924
14262142
14262316
14262317
14262365
14262473
14262643
14264842
14266170
14266298
14266328
14266480
14266767
14266970
14267277
14267841
14268498
14269449
14270627
14271353
14272591
14273880
14274066
14275466
14275929
14278991
14279576
14280638
14280983
14280994
14283722
14283748
14285413
14285417
14285622
14287482
14287916
14287957
14288975
14289826
14290383
14293197
14295040
14295385
14298234
14298279
14298845
14299902
14299922
14301305
14301318
14301334
14302716
14302719
14303260
14303861
14305462
14306423
14307675
14308409
14309493
14310795
14312544
14312975
14314893
14315318
14317516
14317870
14318112
14318675
14318687
14319177
14319258
14319339
14319378
14319546
14319600
14319649
14319780
14320015
14320396
14320505
14320702
14321911
14323116
14323863
14324963
14326916
14327223
14327225
14327233
14327612
14328133
14328829
14329685
14331187
14332499
14332927
14333117
14333281
14333371
14333506
14334091
14334675
14336479
14337006
14337721
14338028
14338196
14338456
14338677
14339118
14339479
14340217
14340662
14341681
14341755
14343309
14343538
14344012
14344016
14344704
14344915
14344985
14345484
14345596
14345902
14346005
14346487
14347133
14350268
14350309
14350328
14350847
14350892
14350956
14350966
14351424
14351956
14351958
14352693
14352788
14353009
14354504
14354521
14354530
14356970
14356976
14356982
14357133
14359448
14360817
14360826
14360847
14360923
14362172
14364617
14365521
14366082
14367317
14370150
14370405
14371104
14371142
14374744
14375163
14375989
14376146
14377221
14377381
14377450
14377559
14379178
14379608
14380944
14381060
14381413
14382893
14383701
14383870
14384294
14384336
14384572
14385169
14386618
14388031
14388037
14388042
14388975
14389177
14389217
14389460
14389768
14390002
14390025
14390362
14390414
14390512
14390523
14390744
14390787
14390788
14390940
14391369
14393594
14394597
14394787
14394805
14395294
14395368
14396731
14396805
14396894
14397486
14397488
14397490
14397517
14397520
14397587
14397892
14400375
14400532
14400975
14401047
14401326
14402123
14402147
14403491
14403789
14404203
14404220
14404223
14404224
14404358
14404382
14406013
14407625
14407844
14408377
14410129
14411018
14412569
14413622
14414188
14416268
14416370
14417483
14418282
14419048
14420643
14421634
14421734
14422176
14422561
14424781
14424821
14427244
14428234
14429350
14429597
14429741
14430248
14430818
14431895
14433986
14435854
14435909
14435923
14439578
14441853
14442091
14442834
14442849
14442975
14444148
14444836
14447345
14447408
14447416
14447419
14447456
14448370
14449155
14449519
14449521
14449575
14449843
14449844
14449847
14449893
14450130
14451701
14451702
14453058
14453268
14453470
14453955
14454263
14454597
14459421
14459842
14461529
14462059
14462110
14464714
14465179
14465343
14466528
14467493
14467711
14468904
14469193
14471226
14471695
14472120
14472125
14472198
14472881
14473341
14474212
14475579
14477187
14479251
14480107
14481145
14482123
14482570
14484391
14485580
14487501
14487597
14490917
14490919
14490980
14491115
14493396
14493536
14495053
14495106
14495111
14495663
14497382
14497732
14497834
14498684
14499187
14499595
14499917
