14356624
14356630
14356690
14357029
14357121
14357191
14357194
14357198
14357246
14357254
14357256
14357495
14357502
14357570
14357635
14357637
14357840
14357876
14358141
14358218
14358268
14358313
14358385
14358438
14358439
14358443
14358466
14358555
14358692
14358735
14358741
14358750
14358754
14359067
14359761
14359925
14359962
14360000
14360022
14360024
14360068
14360246
14360247
14360302
14360338
14360348
14360369
14360389
14360436
14360464
14360483
14360509
14360515
14360534
14360547
14360781
14361057
14361324
14361344
14361570
14361582
14361598
14361629
14361761
14362015
14362101
14362269
14362308
14362338
14362342
14362469
14362565
14362571
14362575
14362591
14362642
14362835
14362871
14363023
14363068
14363084
14363097
14363159
14363165
14363276
14363446
14363552
14363854
14363933
14364012
14364014
14364036
14364095
14364144
14364192
14364302
14364422
14364460
14364463
14364482
14364488
14364503
14364533
14364576
14364647
14364754
14364766
14364902
14364986
14364999
14365017
14365061
14365097
14365120
14365186
14365253
14365288
14365498
14365538
14365666
14365695
14365728
14365757
14365780
14365788
14365798
14365915
14365968
14366002
14366102
14366114
14366305
14366358
14366423
14366446
14366530
14366852
14366945
14366947
14367787
14368191
14368199
14368310
14368313
14368682
14368685
14368888
14368996
14369060
14369129
14369348
14369418
14369425
14369513
14369695
14369696
14369759
14369788
14369789
14369792
14369793
14370068
14370072
14370308
14370325
14370330
14370479
14370480
14370782
14370794
14370798
14370826
14370885
14370892
14370900
14370903
14370958
14370972
14371006
14371008
14371052
14371102
14371161
14371163
14371211
14371301
14371307
14371337
14371384
14371396
14371436
14371456
14371486
14371579
14371591
14371606
14371607
14371625
14371641
14371770
14371862
14371864
14371951
14371970
14371980
14372011
14372170
14372278
14372281
14372389
14372448
14372556
14372563
14372668
14372796
14372807
14372857
14372858
14373080
14373524
14373568
14373570
14373572
14373832
14373934
14373944
14374002
14374062
14374448
14374519
14374835
14374870
14374962
14375225
14375286
14375636
14375646
14375997
14375999
14376231
14376401
14376435
14376472
14376717
14376904
14377098
14377154
14377186
14377195
14377196
14377303
14377305
14377343
14377375
14377439
14377583
14377598
14377699
14377707
14377714
14377719
14377727
14377753
14377778
14377895
14377932
14378025
14378046
14378146
14378334
14378335
14378366
14378394
14378601
14378613
14378674
14378785
14379068
14379152
14379180
14379190
14379192
14379478
14379541
14379612
14379673
14379687
14379821
14379860
14379861
14379894
14380240
14380544
14380546
14380687
14380781
14380953
14381086
14381217
14381308
14381610
14381713
14381809
14381885
14381913
14382215
14382258
14382285
14382375
14382655
14382765
14382831
14383016
14383240
14383591
14383600
14383606
14383773
14383826
14384169
14384222
14384240
14384380
14384397
14384424
14384531
14384573
14384724
14384848
14384957
14385063
14385066
14385118
14385213
14385433
14385623
14385786
14385851
14386146
14386158
14386163
14386251
14386442
14386718
14386734
14386813
14386824
14386850
14386853
14387201
14387369
14387374
14387666
14387878
14387905
14387916
14387939
14388119
14388123
14388149
14388433
14388478
14388507
14388542
14388737
14388918
14389029
14389409
14389551
14389617
14389714
14389798
14390002
14390028
14390049
14390098
14390111
14390151
14390159
14390161
14390167
14390229
14390338
14390359
14390369
14390381
14390389
14390420
14390506
14390658
14390690
14390691
14390699
14390704
14390897
14390979
14391028
14391330
14391569
14391599
14391601
14391898
14391902
14391943
14391965
14392590
14393415
14393421
14393473
14393793
14393819
14393824
14393831
14393863
14394245
14394375
14394399
14394558
14394783
14394858
14394865
14394910
14395048
14395058
14395069
14395110
14395113
14395228
14395565
14395673
14395676
14395685
14396145
14396819
14396822
14396986
14397089
14397139
14397180
14397749
14397859
14398208
14398249
14398684
14398692
14398723
14398728
14398750
14398766
14398778
14398844
14398849
14399123
14399300
14399342
14399555
14399989
14400073
14400289
14400316
14401012
14401267
14401467
14401468
14401469
14401471
14401562
14401583
14401697
14401717
14401758
14401775
14402086
14402444
14402654
14402712
14402829
14402861
14402934
14403195
14403207
14403297
14403687
14403690
14403691
14403720
14403756
14403806
14403828
14403865
14403934
14404616
14404982
14405141
14405178
14405863
14406971
14407220
14407522
14407645
14408482
14408700
14408923
14409417
14409556
14409562
14410084
14410160
14410405
14410664
14410810
14410946
14410986
14411734
14412195
14412259
14412274
14412281
14412292
14412344
14412348
14412353
14412460
14412472
14412688
14412771
14413064
14413079
14413080
14413095
14413162
14413356
14413361
14413417
14413733
14413745
14413771
14413935
14414197
14414544
14414702
14414918
14415152
14415341
14415480
14415772
14415777
14415798
14415817
14416284
14416475
14416496
14416524
14416548
14416668
14416766
14416774
14416788
14417068
14417072
14417128
14417134
14417157
14418057
14418103
14418192
14418193
14418194
14418203
14418410
14418554
14418631
14418670
14419085
14419386
14419457
14419600
14419604
14419644
14419915
14420044
14420086
14420091
14420166
14420213
14420314
14420411
14420830
14421235
14421240
14421247
14421295
14421479
14421565
14421616
14421654
14421679
14421686
14421698
14421705
14421759
14421777
14421812
14422083
14422228
14422310
14422329
14422454
14422455
14422464
14422657
14422671
14422730
14422774
14422781
14422832
14422973
14422984
14423038
14423135
14423139
14423238
14423312
14423340
14423565
14423626
14423920
14423974
14424399
14424864
14425459
14425737
14426262
14426268
14426538
14426695
14427039
14427238
14427245
14427416
14427522
14427529
14427531
14427539
14427556
14427566
14427762
14427775
14428044
14428087
14428107
14428326
14428874
14428912
14429186
14429211
14429655
14429754
14429959
14430330
14430435
14430995
14431178
14431391
14431987
14432035
14432120
14432341
14432900
14433038
14433797
14434402
14434469
14434590
14434613
14434623
14434907
14435292
14435300
14435308
14435317
14435338
14435351
14435356
14435373
14435654
14435669
14435849
14436025
14436210
14436279
14436468
14436523
14436568
14436593
14436602
14436654
14436686
14436828
14436890
14436961
14436981
14437110
14437221
14437252
14437332
14437346
14437816
14438056
14438174
14438637
14439054
14439287
14439580
14439914
14440393
14441023
14441112
14441939
14442142
14442152
14442192
14442408
14442422
14442647
14442867
14443130
14443134
14443181
14443234
14443310
14443654
14444467
14444563
14444657
14444698
14444991
14445275
14445922
14446316
14446475
14446634
14446719
14446830
14446926
14446950
14446954
14447059
14447066
14447469
14447533
14447571
14447692
14447803
14447822
14447864
14447869
14447871
14447880
14447895
14447999
14448675
14448737
14448825
14448878
14449329
14449737
14449976
14450007
14450734
14450741
14451094
14451653
14452247
14452325
14452327
14452568
14452622
14452858
14453370
14453714
14453760
14454532
14454620
14454975
14454991
14455006
14455009
14455161
14455320
14455471
14455581
14455699
14456022
14456185
14456555
14456951
14457978
14458348
14458547
14458552
14458642
14458744
14458745
14458789
14459117
14459492
14459498
14459512
14460329
14460367
14460595
14460693
14460984
14461261
14461262
14461271
14461960
14461978
14462032
14462162
14462213
14462224
14463684
14463916
14464386
14464739
14464811
14464824
14465126
14465642
14465650
14466060
14466165
14466426
14466630
14466652
14467070
14467158
14467202
14467440
14467735
14467768
14467769
14467953
14467974
14467985
14468033
14468214
14468220
14468303
14468559
14468626
14469006
14469057
14469170
14469248
14469362
14469526
14469601
14469851
14469873
14469886
14469890
14469994
14470009
14470084
14470327
14470452
14470757
14471333
14471580
14471831
14472388
14472396
14472829
14472892
14473135
14473431
14474087
14474089
14474173
14474189
14474268
14474286
14474325
14474336
14474475
14474525
14474560
14474603
14474734
14474873
14475056
14475350
14475371
14475569
14476444
14476551
14476581
14477203
14477559
14477863
14477888
14478546
14479205
14479248
14479253
14479388
14479393
14479419
14479448
14479512
14479547
14479605
14479838
14480224
14480317
14480346
14480501
14480562
14480787
14480823
14480826
14480844
14480850
14481469
14481833
14481847
14483182
14483571
14484166
14484257
14484330
14484337
14484436
14484470
14485538
14485540
14486262
14486301
14486347
14486507
14486519
14486523
14486840
14487018
14487111
14487356
14487749
14487802
14487882
14488136
14488148
14488159
14488176
14488177
14488186
14488197
14488200
14488208
14488368
14488382
14488938
14490546
14490811
14490818
14490820
14490927
14490966
14491046
14491050
14493849
14493866
14493881
14493884
14493890
14494426
14494440
14494515
14494900
14495000
14495376
14495381
14495598
14495781
14496006
14496131
14496136
14496437
14496483
14497314
14497333
14497355
14497524
14498076
14499099
14499214
14499437
14499862
