13252447
13256964
13256966
13258097
13258108
13262201
13262328
13262761
13262769
13262887
13262909
13264925
13265488
13265554
13269469
13269472
13275206
13275208
13275454
13275509
13276518
13276577
13277658
13278769
13278779
13280102
13280113
13280123
13280279
13281955
13282183
13282255
13282314
13283160
13284337
13284356
13284833
13285030
13287711
13287720
13289538
13291452
13291473
13293484
13293499
13294852
13294862
13295453
13295459
13296072
13296076
13297203
13297215
13297233
13297244
13297873
13297964
13301008
13301268
13301272
13301709
13301718
13303459
13305954
13306037
13306126
13308878
13309121
13311017
13311024
13311833
13311959
13311960
13312297
13312356
13313521
13313576
13314849
13314861
13314870
13331197
13331270
13332930
13333556
13333567
13333589
13333592
13333899
13335169
13335181
13335285
13335444
13335499
13335531
13335628
13336071
13336083
13336601
13339744
13339761
13340755
13340769
13340783
13342739
13342747
13342754
13342990
13342996
13343459
13343641
13344970
13344994
13347877
13348330
13348898
13348906
13349578
13349590
13350453
13350462
13352006
13352012
13352168
13352188
13352749
13352775
13354896
13354959
13355055
13355061
13358590
13358605
13358919
13358938
13359379
13359555
13361157
13361165
13364493
13364576
13364578
13364583
13364587
13364590
13364604
13364632
13364956
13364962
13370653
13370700
13376306
13376369
13376397
13376410
13380243
13380244
13382812
13382827
13382859
13384122
13384126
13389956
13389960
13390145
13390166
13390847
13390863
13394258
13394271
13398298
13398309
13400785
13400899
13404522
13404572
13404576
13404584
13404619
13404721
13404738
13413622
13413684
13415178
13415183
13418521
13418565
13419035
13419056
13419146
13419176
13419484
13419514
13419630
13419641
13420064
13420066
13420171
13420180
13420434
13420439
13423651
13423699
13425548
13425556
13426356
13426379
13427472
13427486
13436353
13438790
13438901
13439045
13439686
13439693
13440290
13440302
13446704
13446709
13449434
13449455
13452886
13452894
13453315
13453326
13455051
13455058
13455710
13455803
13455920
13457806
13457812
13457883
13457891
13460137
13460139
13460179
13460184
13460533
13460537
13461347
13461353
13461733
13461736
13462331
13462334
13462583
13462586
13462729
13462733
13463152
13463159
13469317
13469319
13470759
13470768
13479197
13481872
13481889
13481894
13489644
13491102
13491106
13492211
13492275
13492724
13501758
13501769
13501889
13501898
13505938
13515474
13515481
13519303
13519322
13526940
13526944
13527411
13527420
13532984
13534801
13549379
13549392
13549725
13549738
13552176
13552182
13557392
13557428
13560202
13560211
13560389
13560392
13567135
13567136
13567756
13567760
13567895
13567904
13571272
13571278
13572701
13572707
13572709
13573420
13573430
13573643
13573646
13573648
13575569
13575626
13575677
13575683
13578914
13579120
13579289
13579310
13581718
13581749
13581884
13581902
13586937
13586958
13595791
13595797
13598992
13598997
13599277
13599298
13603528
13603533
13610659
13610671
13616443
13616517
13616696
13616740
13616748
13616787
13617569
13617607
13619137
13619228
13619707
13619777
13620143
13620245
13623096
13623116
13625149
13625185
13625310
13625386
13628085
13628098
13628448
13628460
13632506
13632511
13632699
13632825
13633886
13633887
13636574
13636580
13636958
13637001
13637731
13640423
13641053
13641154
13641316
13641322
13645494
13645496
13646431
13646439
13646446
13646935
13646943
13646947
13648233
13649119
13653109
13653124
13654208
13654210
13655123
13655126
13655127
13655129
13661042
13661044
13661069
13661076
13662646
13662649
13663153
13663155
13663718
13663723
13663731
13664135
13664142
13664868
13664871
13670278
13670282
13680893
13680989
13686135
13686144
13690363
13690367
13692287
13692291
13693852
13693864
13693866
13693869
13696454
13697616
13697644
13698377
13698380
13699963
13700005
13700014
13700039
13700056
13700574
13700577
13711102
13711105
13711291
13711297
13711302
13714433
13714440
13718135
13718138
13718307
13718309
13718450
13718454
13721040
13721050
13721354
13721359
13721668
13721674
13723042
13723048
13724873
13724971
13727124
13727127
13728428
13728449
13730980
13730990
13732709
13732721
13733758
13733764
13736325
13736329
13736332
13737176
13737181
13737182
13738940
13738943
13740649
13740654
13740980
13740989
13740991
13741106
13741112
13741119
13741181
13741186
13742024
13742033
13742038
13742444
13742449
13742981
13742993
13743000
13743225
13743231
13744116
13744119
13744123
13744289
13744291
13745720
13745731
13747269
13747271
13751454
13751462
13753042
13753056
13753063
13753531
13753538
13754176
13754336
13755018
13755027
13755166
13755172
13755176
13755530
13755535
13755536
13755541
13757579
13757581
13757596
13757597
13769385
13769387
13770848
13770856
13770901
13770909
13771036
13771039
13771300
13771304
13772691
13775314
13775653
13775658
13777744
13780283
13780307
13783539
13783544
13783551
13783568
13784970
13784977
13785412
13785413
13802832
13802863
13814254
13814258
13814524
13814531
13814538
13814562
13814570
13818590
13818594
13820817
13820827
13821191
13821197
13821675
13821677
13824985
13824997
13830774
13830782
13831792
13832055
13832062
13832066
13842442
13842462
13843311
13843334
13848675
13848694
13849946
13849952
13849970
13849978
13850672
13850682
13853520
13853527
13861224
13861239
13862747
13862754
13863571
13863574
13863842
13863847
13867163
13867165
13870611
13870624
13876184
13876186
13886719
13886723
13888322
13888324
13897142
13897159
13900399
13900405
13903475
13903518
13907545
13907568
13911558
13911579
13912082
13912101
13921792
13921795
13921798
13921800
13922096
13922209
13926921
13926938
13929823
13929833
13935910
13935920
13938443
13938469
13938612
13938623
13939735
13939740
13946769
13946772
13948466
13948484
13948608
13948805
13948881
13948888
13949180
13949212
13951245
13951264
13952053
13952063
13953667
13953686
13955370
13955380
13955588
13955595
13955598
13960258
13960271
13962288
13962296
13965913
13965925
13966473
13966490
13975980
13976075
13976110
13976119
13977386
13977462
13980471
13980644
13981515
13981519
13981607
13981612
13984373
13984415
13992561
13992594
14003074
14003080
14004394
14004405
14008552
14008561
14009943
14009981
14011403
14011434
14016025
14016054
14018207
14018212
14023416
14023420
14023658
14023663
14029991
14030011
14035657
14035679
14041692
14041699
14042425
14042447
14062479
14062485
14064054
14064065
14069215
14069234
14073957
14073973
14073987
14074011
14100970
14100978
14113696
14113711
14113739
14113756
14113943
14113995
14126860
14126876
14130124
14130136
14137333
14137349
14159016
14159055
14165118
14165122
14169474
14169478
14172065
14172072
14174232
14174237
14175569
14175575
14179677
14179749
14185468
14185632
14185679
14187324
14187340
14187675
14187691
14188244
14191148
14191246
14191434
14191453
14191616
14191682
14193867
14193886
14197271
14197288
14197392
14197428
14200209
14200295
14202876
14203719
14204972
14205036
14205042
14216025
14216133
14216165
14216784
14216842
14218051
14218068
14218426
14218462
14229289
14229294
14229308
14229318
14235391
14235414
14250077
14250123
14252003
14252020
14252731
14252781
14255037
14255114
14266466
14266482
14280910
14280924
14281315
14282502
14282518
14282742
14282755
14284030
14286206
14286213
14288721
14288755
14293387
14293407
14294241
14294354
14294372
14294569
14295279
14295305
14295580
14295741
14296866
14296999
14297299
14297310
14298163
14298181
14299876
14299932
14300208
14300219
14300514
14300977
14301912
14302030
14302529
14302637
14303639
14303652
14305219
14305234
14308133
14308145
14310570
14310581
14313006
14313014
14314858
14314882
14320938
14320948
14330094
14330103
14330793
14330801
14332052
14332069
14339321
14339370
14339561
14339597
14340875
14340894
14342249
14342262
14342496
14342513
14347161
14347183
14347329
14347401
14347454
14347481
14347609
14347633
14348093
14348100
14349862
14350183
14353172
14353186
14353214
14353240
14353261
14353283
14353309
14353351
14353359
14353391
14353439
14353469
14353497
14353520
14354003
14354010
14354302
14354311
14358130
14358161
14359696
14359729
14367602
14367616
14373627
14373630
14374161
14374162
14374653
14374657
14374855
14374865
14382097
14382103
14384285
14387003
14390604
14390719
14390798
14390813
14390847
14390901
14390920
14390958
14391022
14391075
14394281
14394298
14397607
14397625
14403045
14403060
14404002
14404032
14406958
14406969
14410866
14410880
14410972
14410977
14411015
14411020
14411156
14411215
14413009
14413030
14413286
14413299
14413810
14413825
14415428
14415440
14415470
14415475
14415491
14415494
14415540
14415565
14418670
14418683
14418982
14419007
14423355
14423367
14425850
14425858
14426149
14426151
14429789
14429886
14436521
14436529
14441716
14441909
14446304
14446353
14461477
14461520
14461628
14461649
14462893
14462980
14464836
14464843
14464874
14464877
14470016
14470029
14472674
14472690
14487136
14487181
14494330
14494350
14494365
14494465
14494480
14494493
14497250
14497281
14497294
14497327
14497336
14497353
