14482952
14482953
14482962
14482964
14482970
14482994
14483003
14483037
14483046
14483077
14483082
14483091
14483108
14483120
14483174
14483190
14483226
14483239
14483244
14483248
14483335
14483372
14483377
14483378
14483380
14483385
14483431
14483463
14483486
14483523
14483535
14483557
14483558
14483593
14483601
14483609
14483621
14483649
14483650
14483652
14483653
14483659
14483673
14483715
14483736
14483760
14483770
14483776
14483803
14483810
14483818
14483821
14483826
14483840
14483842
14483861
14483877
14483913
14483918
14483922
14483923
14483933
14484020
14484041
14484065
14484072
14484080
14484099
14484107
14484168
14484182
14484203
14484212
14484229
14484241
14484265
14484280
14484339
14484364
14484386
14484390
14484391
14484394
14484432
14484446
14484465
14484478
14484488
14484499
14484505
14484543
14484577
14484578
14484598
14484605
14484625
14484628
14484654
14484667
14484701
14484731
14484779
14484783
14484792
14484797
14484817
14484837
14484892
14484893
14484961
14484962
14484966
14484967
14484981
14484989
14485014
14485016
14485021
14485023
14485031
14485045
14485077
14485078
14485086
14485093
14485097
14485110
14485111
14485123
14485126
14485140
14485158
14485182
14485207
14485214
14485243
14485256
14485258
14485265
14485284
14485289
14485315
14485336
14485337
14485342
14485384
14485511
14485521
14485550
14485552
14485563
14485573
14485586
14485596
14485611
14485634
14485640
14485652
14485663
14485683
14485687
14485697
14485704
14485713
14485716
14485718
14485726
14485730
14485736
14485788
14485794
14485795
14485800
14485820
14485826
14485835
14485844
14485849
14485870
14485899
14485901
14485904
14485907
14485930
14485937
14485945
14485964
14485984
14485986
14485993
14485994
14486059
14486113
14486138
14486168
14486181
14486212
14486217
14486226
14486235
14486245
14486254
14486257
14486262
14486264
14486266
14486269
14486295
14486319
14486340
14486342
14486355
14486357
14486364
14486374
14486380
14486416
14486417
14486426
14486433
14486445
14486447
14486468
14486470
14486480
14486482
14486485
14486504
14486505
14486525
14486552
14486556
14486563
14486569
14486599
14486618
14486623
14486659
14486675
14486681
14486685
14486700
14486721
14486722
14486725
14486727
14486750
14486754
14486765
14486772
14486778
14486787
14486801
14486805
14486835
14486839
14486840
14486855
14486904
14486955
14486983
14486996
14486998
14487055
14487070
14487093
14487102
14487111
14487120
14487172
14487200
14487278
14487283
14487284
14487300
14487351
14487356
14487359
14487364
14487369
14487392
14487395
14487402
14487406
14487437
14487450
14487508
14487522
14487533
14487562
14487567
14487568
14487573
14487578
14487579
14487581
14487651
14487653
14487664
14487665
14487692
14487719
14487722
14487753
14487761
14487764
14487786
14487825
14487839
14487845
14487850
14487881
14487903
14487928
14487943
14487950
14487974
14487979
14487981
14487987
14488008
14488020
14488024
14488038
14488077
14488081
14488136
14488147
14488159
14488183
14488188
14488199
14488212
14488291
14488321
14488335
14488337
14488351
14488421
14488451
14488457
14488471
14488477
14488482
14488504
14488531
14488579
14488585
14488627
14488641
14488642
14488646
14488676
14488686
14488691
14488727
14488735
14488736
14488741
14488836
14488911
14488944
14488957
14488958
14488959
14488978
14489014
14489018
14489026
14489033
14489042
14489060
14489062
14489073
14489074
14489080
14489104
14489106
14489147
14489199
14489210
14489238
14489243
14489248
14489252
14489275
14489287
14489299
14489310
14489313
14489327
14489380
14489385
14489415
14489463
14489524
14489577
14489587
14489673
14489713
14489733
14489773
14489777
14489778
14489815
14489841
14489844
14489850
14489851
14489864
14489929
14489990
14489993
14490003
14490009
14490029
14490079
14490083
14490084
14490091
14490100
14490138
14490139
14490155
14490168
14490178
14490190
14490191
14490206
14490208
14490209
14490226
14490246
14490253
14490268
14490295
14490319
14490418
14490511
14490556
14490592
14490656
14490679
14490715
14490717
14490720
14490724
14490738
14490739
14490793
14490798
14490800
14490804
14490805
14490814
14490818
14490842
14490845
14490856
14490859
14490916
14490925
14490940
14490942
14490963
14490984
14490991
14490994
14491010
14491018
14491025
14491028
14491038
14491044
14491062
14491087
14491096
14491111
14491115
14491121
14491129
14491148
14491155
14491208
14491248
14491270
14491296
14491323
14491333
14491344
14491346
14491409
14491411
14491420
14491428
14491445
14491493
14491502
14491505
14491517
14491521
14491526
14491539
14491560
14491580
14491581
14491649
14491682
14491683
14491729
14491731
14491736
14491766
14491770
14491780
14491784
14491796
14491798
14491837
14491850
14491928
14491944
14491945
14491954
14491960
14492033
14492050
14492105
14492138
14492195
14492201
14492295
14492351
14492352
14492354
14492373
14492393
14492398
14492440
14492459
14492461
14492471
14492472
14492483
14492508
14492531
14492549
14492598
14492648
14492650
14492679
14492728
14492736
14492788
14492804
14492846
14492862
14492939
14492960
14492994
14493012
14493022
14493044
14493057
14493080
14493089
14493093
14493094
14493116
14493129
14493136
14493212
14493221
14493242
14493256
14493277
14493287
14493295
14493318
14493338
14493339
14493345
14493348
14493376
14493405
14493410
14493425
14493426
14493437
14493496
14493517
14493562
14493603
14493607
14493630
14493650
14493692
14493696
14493702
14493707
14493764
14493787
14493811
14493818
14493838
14493866
14493887
14493907
14493910
14493927
14493930
14493943
14493980
14493981
14494072
14494098
14494131
14494159
14494160
14494190
14494197
14494204
14494205
14494209
14494210
14494219
14494221
14494222
14494231
14494233
14494267
14494274
14494276
14494278
14494291
14494292
14494336
14494353
14494355
14494358
14494360
14494362
14494365
14494369
14494372
14494373
14494375
14494376
14494383
14494390
14494401
14494409
14494413
14494414
14494431
14494445
14494451
14494454
14494457
14494464
14494473
14494479
14494497
14494506
14494507
14494547
14494552
14494555
14494560
14494566
14494579
14494585
14494606
14494607
14494608
14494683
14494684
14494687
14494715
14494732
14494741
14494744
14494778
14494787
14494796
14494872
14494884
14494888
14494896
14494900
14494916
14494945
14494949
14494960
14494977
14495005
14495016
14495018
14495038
14495044
14495050
14495058
14495061
14495094
14495100
14495173
14495190
14495216
14495230
14495245
14495255
14495266
14495269
14495274
14495293
14495337
14495339
14495356
14495368
14495393
14495402
14495419
14495428
14495456
14495503
14495509
14495514
14495517
14495544
14495554
14495566
14495577
14495608
14495611
14495613
14495628
14495642
14495680
14495691
14495713
14495735
14495749
14495786
14495805
14495831
14495894
14495906
14495915
14495920
14495923
14495934
14495979
14495983
14496044
14496050
14496099
14496101
14496114
14496138
14496140
14496153
14496182
14496183
14496190
14496192
14496203
14496226
14496228
14496235
14496248
14496252
14496306
14496309
14496310
14496324
14496328
14496358
14496371
14496376
14496394
14496400
14496496
14496527
14496537
14496579
14496584
14496612
14496631
14496634
14496643
14496652
14496674
14496686
14496698
14496704
14496708
14496709
14496718
14496729
14496769
14496787
14496796
14496802
14496815
14496847
14496905
14496924
14496931
14496940
14496945
14496953
14496979
14497125
14497147
14497154
14497156
14497163
14497210
14497235
14497244
14497259
14497280
14497315
14497327
14497372
14497375
14497382
14497389
14497399
14497426
14497477
14497481
14497493
14497497
14497498
14497505
14497518
14497523
14497534
14497538
14497547
14497552
14497560
14497572
14497580
14497584
14497586
14497590
14497634
14497656
14497670
14497675
14497680
14497681
14497682
14497687
14497691
14497713
14497728
14497750
14497751
14497752
14497755
14497767
14497780
14497797
14497825
14497831
14497834
14497838
14497967
14497973
14497979
14497980
14497989
14498005
14498006
14498067
14498085
14498092
14498105
14498110
14498112
14498147
14498163
14498178
14498185
14498191
14498200
14498206
14498212
14498219
14498242
14498263
14498290
14498311
14498316
14498317
14498331
14498386
14498392
14498408
14498411
14498445
14498448
14498474
14498529
14498556
14498567
14498588
14498658
14498661
14498673
14498687
14498696
14498737
14498759
14498786
14498792
14498811
14498824
14498843
14498854
14498873
14498874
14498884
14498892
14498903
14498939
14498975
14498977
14499019
14499029
14499043
14499057
14499064
14499072
14499080
14499093
14499111
14499112
14499149
14499151
14499158
14499159
14499172
14499187
14499194
14499200
14499203
14499214
14499220
14499223
14499229
14499252
14499315
14499336
14499349
14499363
14499365
14499378
14499383
14499384
14499395
14499398
14499403
14499413
14499419
14499428
14499430
14499443
14499469
14499491
14499495
14499502
14499512
14499524
14499551
14499581
14499589
14499596
14499603
14499604
14499612
14499641
14499676
14499692
14499693
14499721
14499752
14499759
14499770
14499849
14499857
14499860
14499866
14499875
14499880
14499927
14499935
