14442399
14442442
14442478
14442479
14442589
14442687
14442735
14442756
14442799
14442811
14442867
14442869
14442929
14442975
14443004
14443009
14443020
14443030
14443051
14443103
14443134
14443174
14443408
14443433
14443510
14443761
14443864
14443877
14443885
14443972
14444045
14444073
14444081
14444118
14444139
14444205
14444213
14444241
14444246
14444328
14444435
14444546
14444565
14444823
14444870
14444879
14444885
14445082
14445308
14445325
14445393
14445410
14445446
14445458
14445705
14445717
14445723
14445724
14445729
14445730
14445733
14446169
14446200
14446232
14446236
14446237
14446240
14446241
14446315
14446492
14446720
14446767
14446920
14447001
14447030
14447035
14447153
14447226
14447243
14447326
14447345
14447401
14447416
14447483
14447505
14447524
14447527
14447528
14447683
14447761
14448198
14448211
14448403
14448421
14448424
14448430
14448431
14448438
14448449
14448553
14448585
14448601
14448614
14448676
14448877
14448888
14448951
14448967
14448973
14449075
14449079
14449083
14449091
14449109
14449133
14449163
14449183
14449581
14449654
14449661
14449678
14449684
14449692
14449715
14449720
14449748
14449779
14449946
14449949
14449980
14450061
14450064
14450104
14450210
14450211
14450309
14450408
14450411
14450419
14450423
14450432
14450683
14450713
14450819
14451004
14451008
14451011
14451012
14451019
14451024
14451035
14451050
14451295
14451307
14451315
14451338
14451341
14451355
14451503
14451505
14451524
14451543
14451546
14451723
14451781
14451844
14451947
14451989
14452018
14452174
14452244
14452282
14452581
14452585
14452615
14452788
14453111
14453151
14453449
14453496
14453890
14454014
14454039
14454060
14454110
14454215
14454293
14454294
14454296
14454338
14454458
14454514
14454700
14454701
14454752
14454773
14455061
14455142
14455145
14455147
14455313
14455319
14455343
14455352
14455355
14455368
14455382
14455390
14455458
14455635
14455733
14455739
14455924
14455930
14455973
14455974
14456110
14456205
14456269
14456273
14456413
14456629
14456643
14456646
14456673
14456702
14456735
14456756
14456765
14456801
14456838
14456873
14456875
14456893
14457048
14457309
14457316
14457339
14457343
14457370
14457447
14457572
14457615
14457687
14457792
14457895
14458060
14458119
14458124
14458131
14458148
14458398
14458806
14458930
14459401
14459567
14459739
14459746
14459781
14459842
14459843
14459921
14459977
14460060
14460061
14460064
14460065
14460067
14460088
14460302
14460438
14460440
14460507
14460699
14460711
14460717
14460730
14460789
14460792
14460800
14460880
14460883
14460920
14460921
14461021
14461049
14461050
14461055
14461056
14461057
14461061
14461080
14461152
14461191
14461286
14461289
14461290
14461291
14461293
14461523
14461530
14461535
14461605
14461626
14461634
14461715
14461877
14461908
14461940
14462015
14462155
14462165
14462242
14462310
14462726
14462857
14463038
14463475
14463498
14463631
14463657
14463843
14463854
14463920
14463965
14464041
14464050
14464051
14464144
14464314
14464556
14464610
14464838
14465242
14465305
14465616
14465627
14465796
14465838
14466006
14466049
14466063
14466076
14466080
14466242
14466396
14466500
14466529
14466565
14466619
14466633
14466645
14466697
14466704
14466841
14466859
14466862
14466885
14466932
14466935
14466958
14466986
14467021
14467038
14467053
14467072
14467075
14467077
14467078
14467083
14467095
14467126
14467134
14467137
14467146
14467159
14467161
14467200
14467301
14467309
14467425
14467439
14467454
14467486
14467518
14467538
14467544
14467666
14467731
14467768
14467794
14467883
14467948
14468090
14468350
14468359
14468381
14468421
14468463
14468591
14468665
14468719
14468728
14468732
14468733
14468780
14468897
14468966
14469016
14469029
14469070
14469074
14469098
14469261
14469285
14469286
14469583
14469607
14469657
14469661
14469864
14469945
14469962
14469963
14469974
14469979
14470114
14470130
14470201
14470216
14470254
14470405
14470425
14470452
14470454
14470484
14470487
14470521
14470685
14470815
14470870
14470938
14470983
14471005
14471022
14471049
14471069
14471157
14471459
14471762
14471904
14472029
14472044
14472169
14472189
14472198
14472225
14472252
14472299
14472342
14472348
14472351
14472392
14472433
14472553
14472559
14472578
14472588
14472597
14472603
14472676
14472707
14472716
14472729
14472737
14472744
14472747
14472750
14472784
14472835
14472938
14472985
14472988
14472989
14473013
14473016
14473027
14473041
14473061
14473229
14473452
14473472
14473483
14473489
14473562
14473566
14473673
14473710
14473744
14473746
14473768
14473848
14473891
14473898
14473899
14473901
14473902
14473904
14473915
14474049
14474083
14474212
14474324
14474339
14474383
14474488
14474516
14474670
14474809
14475050
14475134
14475150
14475155
14475161
14475171
14475182
14475206
14475209
14475210
14475239
14475241
14475254
14475281
14475282
14475284
14475287
14475288
14475301
14475331
14475332
14475350
14475361
14475365
14475366
14475371
14475373
14475379
14475396
14475548
14476024
14476026
14476027
14476058
14476227
14476268
14476271
14476316
14476474
14476477
14476634
14476651
14476669
14476691
14476694
14476695
14476698
14476718
14476720
14476722
14476723
14476729
14476807
14476809
14476831
14476833
14476835
14476842
14476847
14476848
14476859
14476913
14476916
14476949
14476952
14476956
14476959
14476964
14476965
14477018
14477022
14477023
14477026
14477064
14477065
14477069
14477070
14477075
14477077
14477080
14477094
14477096
14477150
14477205
14477211
14477218
14477221
14477226
14477250
14477306
14477370
14477380
14477397
14477518
14477578
14477613
14477705
14477749
14477851
14478006
14478037
14478063
14478075
14478261
14478310
14478457
14478507
14478518
14478527
14478532
14478566
14478593
14478618
14478659
14478739
14478746
14478828
14478853
14478875
14478911
14478914
14478920
14478933
14478969
14479087
14479144
14479181
14479188
14479189
14479191
14479200
14479202
14479228
14479243
14479251
14479357
14479359
14479391
14479461
14479495
14479496
14479533
14479620
14479633
14479688
14479727
14479808
14479818
14479825
14479836
14479846
14479856
14479863
14479872
14480021
14480057
14480103
14480107
14480289
14480290
14480306
14480335
14480392
14480515
14480516
14480548
14480650
14480884
14480905
14480991
14481203
14481214
14481215
14481216
14481219
14481223
14481232
14481275
14481357
14481389
14481419
14481425
14481530
14481546
14481698
14481699
14481700
14481715
14481716
14481729
14481732
14481798
14481813
14481817
14481818
14481821
14482031
14482039
14482070
14482077
14482138
14482165
14482294
14482324
14482450
14482740
14482741
14482744
14482745
14482999
14483008
14483026
14483036
14483270
14483277
14483380
14483383
14483386
14483399
14483400
14483409
14483415
14483466
14483770
14483965
14483993
14484136
14484182
14484216
14484283
14484302
14484575
14484637
14484708
14484713
14484719
14484771
14484826
14484954
14485094
14485122
14485123
14485169
14485242
14485345
14485422
14485438
14485446
14485462
14485474
14485713
14485716
14485771
14485840
14485865
14485870
14485874
14485901
14485945
14486039
14486055
14486068
14486103
14486221
14486268
14486288
14486319
14486322
14486323
14486324
14486333
14486340
14486357
14486384
14486410
14486445
14486447
14486452
14486465
14486470
14486482
14486485
14486505
14486511
14486585
14486659
14486662
14486666
14486709
14486889
14486910
14486917
14486927
14486935
14486959
14486980
14487111
14487160
14487206
14487264
14487501
14487509
14487645
14487850
14487861
14487882
14488054
14488173
14488256
14488400
14488412
14488424
14488462
14488478
14488489
14488504
14488522
14488529
14488534
14488613
14488723
14488758
14488911
14488958
14489133
14489252
14489256
14489485
14489491
14489693
14489742
14489765
14489909
14489926
14489932
14490051
14490079
14490281
14490391
14490593
14490597
14490626
14490628
14490652
14490669
14490696
14490771
14490855
14490862
14490940
14490954
14490969
14491034
14491086
14491115
14491198
14491237
14491375
14491388
14491402
14491446
14491462
14491509
14491677
14491684
14491707
14492133
14492256
14492373
14492400
14492529
14492587
14492627
14492717
14492721
14492723
14492726
14492756
14492758
14492776
14492814
14493195
14493340
14493351
14493384
14493396
14493443
14493484
14493594
14493819
14493851
14493905
14493930
14493968
14493993
14494130
14494134
14494252
14494360
14494365
14494375
14494394
14494403
14494405
14494413
14494414
14494426
14494428
14494440
14494465
14494479
14494489
14494506
14494515
14494516
14494563
14494565
14494579
14494583
14494672
14494751
14495016
14495018
14495021
14495038
14495050
14495051
14495060
14495069
14495106
14495111
14495270
14495275
14495318
14495378
14495442
14495512
14495524
14495689
14496072
14496459
14496477
14496643
14496646
14496730
14497115
14497517
14497590
14497608
14497667
14497669
14497681
14497687
14497696
14497700
14497732
14497799
14497815
14497834
14497936
14497989
14498274
14498420
14498510
14498536
14498558
14498666
14498874
14498879
14498884
14498907
14498931
14498986
14498990
14499002
14499058
14499065
14499187
14499319
14499663
14499695
