14493083
14493085
14493086
14493088
14493092
14493097
14493100
14493108
14493115
14493122
14493128
14493131
14493132
14493139
14493143
14493149
14493156
14493171
14493175
14493176
14493178
14493188
14493199
14493207
14493208
14493209
14493222
14493233
14493234
14493237
14493247
14493250
14493253
14493256
14493263
14493269
14493271
14493272
14493274
14493276
14493284
14493285
14493288
14493303
14493307
14493311
14493321
14493324
14493325
14493330
14493332
14493333
14493336
14493340
14493346
14493351
14493359
14493365
14493370
14493376
14493384
14493389
14493391
14493393
14493411
14493415
14493419
14493423
14493428
14493432
14493435
14493437
14493456
14493474
14493476
14493478
14493484
14493485
14493500
14493506
14493507
14493512
14493516
14493529
14493535
14493538
14493540
14493542
14493546
14493547
14493548
14493552
14493562
14493564
14493567
14493569
14493575
14493580
14493583
14493599
14493608
14493610
14493622
14493623
14493629
14493639
14493640
14493643
14493645
14493656
14493659
14493668
14493670
14493676
14493677
14493686
14493716
14493718
14493723
14493742
14493749
14493754
14493758
14493759
14493761
14493765
14493769
14493771
14493777
14493782
14493786
14493789
14493792
14493801
14493803
14493804
14493806
14493815
14493819
14493831
14493861
14493862
14493863
14493866
14493870
14493877
14493879
14493893
14493897
14493911
14493917
14493919
14493921
14493923
14493924
14493925
14493935
14493941
14493946
14493948
14493960
14493965
14493967
14493975
14493979
14493981
14493987
14493988
14493989
14493999
14494007
14494013
14494021
14494026
14494027
14494036
14494037
14494039
14494043
14494052
14494060
14494065
14494067
14494068
14494069
14494078
14494091
14494094
14494101
14494110
14494116
14494122
14494123
14494128
14494129
14494135
14494142
14494162
14494166
14494169
14494181
14494183
14494195
14494197
14494207
14494208
14494217
14494218
14494224
14494233
14494236
14494247
14494250
14494252
14494253
14494259
14494267
14494270
14494271
14494276
14494278
14494284
14494302
14494313
14494318
14494322
14494332
14494348
14494355
14494360
14494362
14494363
14494366
14494369
14494371
14494372
14494378
14494383
14494414
14494415
14494435
14494440
14494441
14494442
14494444
14494451
14494454
14494455
14494457
14494462
14494463
14494464
14494470
14494490
14494494
14494496
14494499
14494508
14494509
14494516
14494521
14494523
14494529
14494530
14494533
14494547
14494552
14494553
14494555
14494560
14494576
14494577
14494584
14494587
14494591
14494592
14494595
14494607
14494608
14494613
14494615
14494616
14494619
14494622
14494629
14494634
14494641
14494642
14494644
14494645
14494661
14494666
14494671
14494679
14494683
14494697
14494701
14494720
14494728
14494732
14494737
14494739
14494741
14494742
14494746
14494750
14494752
14494756
14494762
14494766
14494767
14494768
14494772
14494777
14494781
14494783
14494784
14494789
14494801
14494802
14494806
14494809
14494822
14494824
14494828
14494845
14494855
14494864
14494866
14494871
14494878
14494881
14494882
14494884
14494905
14494906
14494916
14494920
14494923
14494924
14494925
14494932
14494939
14494949
14494950
14494959
14494960
14494965
14494966
14494972
14495001
14495011
14495013
14495018
14495021
14495033
14495041
14495042
14495044
14495045
14495046
14495047
14495052
14495055
14495058
14495060
14495067
14495074
14495076
14495080
14495086
14495087
14495102
14495104
14495109
14495114
14495115
14495120
14495124
14495127
14495137
14495141
14495150
14495151
14495154
14495161
14495165
14495166
14495167
14495186
14495188
14495196
14495202
14495205
14495208
14495209
14495219
14495229
14495240
14495242
14495248
14495254
14495255
14495265
14495269
14495270
14495273
14495282
14495288
14495294
14495297
14495298
14495302
14495314
14495317
14495327
14495331
14495333
14495334
14495336
14495354
14495355
14495357
14495371
14495385
14495388
14495393
14495395
14495401
14495404
14495406
14495415
14495424
14495426
14495427
14495435
14495438
14495441
14495442
14495464
14495475
14495487
14495495
14495499
14495503
14495507
14495508
14495509
14495511
14495513
14495517
14495520
14495533
14495554
14495563
14495567
14495572
14495575
14495576
14495581
14495594
14495603
14495604
14495609
14495610
14495616
14495625
14495626
14495632
14495634
14495636
14495644
14495647
14495649
14495665
14495678
14495686
14495688
14495691
14495701
14495720
14495728
14495744
14495757
14495762
14495763
14495766
14495767
14495769
14495776
14495780
14495783
14495785
14495789
14495799
14495800
14495803
14495805
14495807
14495808
14495812
14495814
14495819
14495823
14495827
14495830
14495842
14495851
14495855
14495860
14495865
14495877
14495880
14495885
14495897
14495899
14495904
14495917
14495921
14495927
14495929
14495930
14495935
14495936
14495937
14495951
14495952
14495957
14495960
14495964
14495976
14495989
14496010
14496022
14496036
14496043
14496048
14496057
14496067
14496068
14496076
14496091
14496092
14496095
14496098
14496122
14496129
14496131
14496141
14496146
14496162
14496186
14496189
14496194
14496198
14496208
14496210
14496223
14496250
14496266
14496279
14496283
14496293
14496300
14496303
14496310
14496331
14496333
14496337
14496340
14496344
14496366
14496389
14496394
14496399
14496405
14496414
14496424
14496438
14496443
14496445
14496446
14496447
14496448
14496450
14496451
14496452
14496475
14496477
14496489
14496497
14496501
14496508
14496510
14496511
14496515
14496519
14496522
14496523
14496539
14496540
14496562
14496565
14496580
14496584
14496587
14496614
14496626
14496628
14496636
14496638
14496641
14496643
14496659
14496664
14496673
14496688
14496689
14496696
14496715
14496722
14496724
14496727
14496729
14496730
14496732
14496736
14496740
14496746
14496749
14496751
14496778
14496784
14496810
14496822
14496823
14496847
14496856
14496871
14496876
14496882
14496883
14496884
14496885
14496894
14496911
14496933
14496937
14496957
14496965
14496985
14496991
14497000
14497011
14497021
14497025
14497030
14497041
14497044
14497061
14497062
14497069
14497099
14497103
14497117
14497119
14497127
14497129
14497134
14497137
14497139
14497147
14497154
14497164
14497172
14497186
14497193
14497232
14497242
14497243
14497246
14497248
14497279
14497284
14497290
14497293
14497308
14497316
14497339
14497344
14497350
14497352
14497363
14497364
14497368
14497369
14497371
14497373
14497387
14497388
14497389
14497395
14497398
14497401
14497403
14497404
14497407
14497419
14497420
14497427
14497474
14497475
14497480
14497492
14497497
14497504
14497513
14497514
14497517
14497518
14497531
14497540
14497549
14497551
14497564
14497571
14497575
14497582
14497584
14497596
14497597
14497610
14497624
14497629
14497630
14497639
14497644
14497645
14497649
14497658
14497664
14497667
14497669
14497673
14497675
14497682
14497692
14497696
14497700
14497729
14497752
14497756
14497758
14497767
14497777
14497784
14497788
14497793
14497801
14497805
14497820
14497821
14497823
14497831
14497837
14497869
14497870
14497875
14497877
14497881
14497894
14497909
14497918
14497962
14497969
14497989
14497995
14498000
14498005
14498013
14498023
14498027
14498043
14498049
14498053
14498062
14498067
14498068
14498080
14498084
14498089
14498105
14498110
14498127
14498130
14498152
14498156
14498158
14498176
14498187
14498194
14498204
14498206
14498214
14498225
14498227
14498245
14498249
14498251
14498258
14498270
14498274
14498287
14498289
14498335
14498337
14498343
14498397
14498398
14498447
14498450
14498454
14498455
14498459
14498465
14498469
14498470
14498471
14498478
14498481
14498485
14498491
14498504
14498507
14498513
14498567
14498568
14498573
14498574
14498576
14498603
14498619
14498625
14498651
14498658
14498670
14498683
14498687
14498696
14498697
14498699
14498708
14498718
14498732
14498734
14498738
14498746
14498770
14498774
14498785
14498787
14498809
14498811
14498823
14498825
14498830
14498831
14498833
14498841
14498862
14498867
14498875
14498905
14498907
14498927
14498939
14498941
14498981
14498985
14498999
14499002
14499010
14499012
14499014
14499017
14499019
14499020
14499029
14499035
14499041
14499043
14499044
14499049
14499050
14499058
14499063
14499072
14499076
14499084
14499086
14499087
14499097
14499117
14499125
14499133
14499144
14499146
14499147
14499157
14499189
14499201
14499202
14499203
14499205
14499209
14499210
14499221
14499236
14499242
14499248
14499251
14499265
14499273
14499295
14499303
14499323
14499329
14499330
14499333
14499350
14499359
14499362
14499363
14499366
14499373
14499376
14499379
14499383
14499384
14499390
14499396
14499400
14499411
14499422
14499437
14499450
14499460
14499479
14499489
14499506
14499509
14499511
14499527
14499528
14499544
14499645
14499663
14499677
14499678
14499687
14499695
14499702
14499703
14499704
14499715
14499731
14499739
14499750
14499756
14499773
14499777
14499778
14499788
14499790
14499801
14499802
14499812
14499821
14499844
14499856
14499863
14499871
14499889
14499892
14499897
14499898
14499904
14499916
14499938
14499940
14499944
14499956
14499957
14499960
14499962
14499964
14499973
14499975
14499989
14499991
