14483032
14483037
14483066
14483092
14483141
14483165
14483168
14483216
14483233
14483265
14483270
14483317
14483318
14483325
14483337
14483341
14483376
14483382
14483402
14483411
14483416
14483425
14483434
14483459
14483571
14483581
14483606
14483610
14483618
14483627
14483628
14483629
14483630
14483636
14483643
14483668
14483673
14483679
14483697
14483709
14483739
14483776
14483777
14483788
14483797
14483957
14483966
14483977
14484009
14484112
14484139
14484192
14484227
14484243
14484246
14484253
14484259
14484264
14484266
14484292
14484303
14484323
14484349
14484359
14484364
14484376
14484395
14484414
14484415
14484426
14484481
14484496
14484499
14484508
14484525
14484566
14484583
14484587
14484589
14484591
14484595
14484597
14484603
14484605
14484613
14484627
14484637
14484652
14484659
14484665
14484670
14484678
14484681
14484704
14484706
14484743
14484747
14484763
14484770
14484774
14484792
14484799
14484803
14484804
14484814
14484837
14484850
14484857
14484867
14484883
14484886
14484889
14484906
14484908
14484924
14484934
14484935
14484961
14484986
14484988
14484999
14485001
14485013
14485061
14485145
14485146
14485153
14485177
14485207
14485208
14485219
14485262
14485332
14485425
14485450
14485468
14485481
14485547
14485549
14485552
14485553
14485573
14485583
14485587
14485592
14485616
14485624
14485644
14485670
14485694
14485836
14485858
14485859
14485865
14485959
14485969
14485976
14485991
14486000
14486001
14486016
14486047
14486055
14486057
14486063
14486083
14486085
14486086
14486087
14486093
14486096
14486104
14486109
14486120
14486125
14486132
14486134
14486145
14486162
14486189
14486211
14486230
14486235
14486247
14486301
14486326
14486329
14486333
14486339
14486391
14486394
14486409
14486415
14486421
14486464
14486475
14486498
14486506
14486544
14486585
14486586
14486588
14486596
14486601
14486616
14486671
14486684
14486689
14486696
14486699
14486721
14486732
14486771
14486782
14486790
14486792
14486861
14486871
14486927
14486930
14486954
14486955
14486958
14486965
14486972
14486976
14486982
14486989
14486996
14487004
14487053
14487071
14487095
14487102
14487114
14487184
14487191
14487198
14487212
14487229
14487246
14487257
14487291
14487312
14487341
14487347
14487373
14487381
14487382
14487421
14487446
14487462
14487520
14487524
14487528
14487529
14487559
14487602
14487606
14487608
14487626
14487627
14487645
14487647
14487660
14487664
14487692
14487694
14487785
14487810
14487820
14487842
14487852
14487857
14487864
14487897
14487957
14488008
14488037
14488044
14488045
14488050
14488097
14488100
14488107
14488108
14488111
14488112
14488165
14488218
14488252
14488263
14488273
14488288
14488308
14488341
14488359
14488382
14488427
14488455
14488471
14488479
14488483
14488539
14488569
14488573
14488578
14488606
14488632
14488694
14488708
14488719
14488727
14488752
14488764
14488831
14488856
14488908
14488960
14488975
14488978
14489001
14489020
14489023
14489024
14489058
14489092
14489095
14489100
14489146
14489147
14489151
14489161
14489179
14489200
14489215
14489266
14489272
14489292
14489298
14489301
14489302
14489308
14489314
14489474
14489514
14489551
14489609
14489610
14489668
14489680
14489708
14489743
14489747
14489762
14489778
14489830
14489857
14489865
14489894
14489902
14489906
14489925
14489951
14490003
14490004
14490040
14490054
14490071
14490152
14490161
14490173
14490196
14490198
14490206
14490213
14490274
14490308
14490310
14490350
14490357
14490391
14490414
14490421
14490481
14490527
14490556
14490596
14490623
14490631
14490647
14490652
14490658
14490682
14490713
14490734
14490736
14490765
14490766
14490789
14490798
14490814
14490872
14490901
14490929
14490955
14490959
14490970
14490988
14491008
14491010
14491030
14491031
14491038
14491040
14491087
14491098
14491099
14491111
14491115
14491119
14491122
14491140
14491153
14491155
14491158
14491162
14491169
14491179
14491185
14491186
14491191
14491193
14491200
14491204
14491205
14491207
14491219
14491232
14491254
14491258
14491267
14491277
14491308
14491410
14491420
14491427
14491440
14491441
14491551
14491601
14491623
14491625
14491646
14491649
14491660
14491666
14491667
14491691
14491695
14491697
14491699
14491757
14491758
14491765
14491770
14491780
14491784
14491787
14491792
14491801
14491896
14491901
14491942
14491949
14491951
14491953
14491967
14491975
14491982
14491991
14492032
14492140
14492145
14492146
14492154
14492193
14492199
14492205
14492206
14492238
14492245
14492251
14492253
14492295
14492336
14492342
14492363
14492396
14492402
14492434
14492441
14492445
14492446
14492474
14492480
14492482
14492489
14492509
14492518
14492523
14492537
14492544
14492552
14492555
14492558
14492574
14492598
14492605
14492632
14492644
14492645
14492662
14492686
14492700
14492717
14492731
14492753
14492760
14492768
14492775
14492779
14492837
14492848
14492861
14492862
14492867
14492928
14492938
14492941
14492944
14492967
14492972
14492988
14493022
14493027
14493051
14493053
14493057
14493068
14493069
14493071
14493079
14493086
14493096
14493108
14493122
14493127
14493151
14493187
14493221
14493281
14493287
14493296
14493302
14493324
14493391
14493420
14493423
14493428
14493503
14493509
14493511
14493515
14493532
14493536
14493565
14493619
14493646
14493649
14493654
14493666
14493680
14493690
14493728
14493769
14493772
14493781
14493818
14493852
14493881
14493900
14493902
14493909
14493920
14493925
14493941
14493957
14494033
14494039
14494044
14494054
14494062
14494100
14494102
14494112
14494165
14494184
14494231
14494239
14494248
14494252
14494274
14494287
14494302
14494344
14494355
14494367
14494374
14494376
14494378
14494394
14494395
14494403
14494411
14494422
14494423
14494426
14494441
14494443
14494459
14494464
14494468
14494470
14494479
14494480
14494481
14494484
14494493
14494499
14494502
14494507
14494510
14494513
14494516
14494518
14494524
14494533
14494537
14494547
14494550
14494565
14494587
14494607
14494624
14494628
14494635
14494640
14494642
14494643
14494646
14494654
14494656
14494659
14494675
14494678
14494682
14494699
14494702
14494707
14494718
14494733
14494737
14494747
14494760
14494767
14494781
14494786
14494787
14494790
14494794
14494798
14494807
14494836
14494841
14494845
14494858
14494861
14494870
14494878
14494885
14494888
14494900
14494912
14494915
14494922
14494924
14494926
14494947
14494952
14494955
14494960
14494964
14494971
14494991
14494998
14495007
14495016
14495023
14495027
14495035
14495044
14495093
14495107
14495133
14495201
14495215
14495229
14495254
14495269
14495285
14495306
14495309
14495316
14495318
14495331
14495334
14495372
14495424
14495560
14495568
14495575
14495584
14495632
14495651
14495654
14495660
14495662
14495767
14495777
14495779
14495781
14495794
14495797
14495799
14495800
14495803
14495805
14495818
14495820
14495854
14495860
14495900
14495908
14495934
14495966
14495985
14496031
14496042
14496118
14496141
14496146
14496151
14496295
14496304
14496321
14496326
14496329
14496331
14496333
14496348
14496378
14496383
14496390
14496481
14496506
14496507
14496515
14496521
14496525
14496535
14496538
14496568
14496587
14496631
14496634
14496719
14496736
14496747
14496748
14496755
14496764
14496787
14496796
14496812
14496826
14496850
14496863
14496976
14496983
14497009
14497021
14497033
14497037
14497038
14497041
14497056
14497096
14497133
14497199
14497207
14497225
14497230
14497239
14497242
14497250
14497257
14497329
14497341
14497382
14497390
14497391
14497492
14497509
14497518
14497543
14497549
14497553
14497566
14497567
14497581
14497591
14497600
14497655
14497663
14497669
14497672
14497675
14497680
14497682
14497694
14497696
14497701
14497713
14497724
14497730
14497753
14497779
14497794
14497802
14497803
14497806
14497813
14497826
14497829
14497830
14497839
14497848
14497850
14497859
14497870
14497882
14497892
14497899
14497902
14497913
14497918
14497935
14497942
14497945
14497957
14497971
14497973
14497981
14497994
14497999
14498000
14498018
14498046
14498059
14498067
14498113
14498121
14498138
14498158
14498175
14498185
14498187
14498191
14498197
14498198
14498249
14498250
14498278
14498288
14498298
14498315
14498323
14498324
14498356
14498366
14498374
14498376
14498384
14498392
14498423
14498428
14498430
14498439
14498482
14498490
14498504
14498529
14498551
14498553
14498555
14498558
14498559
14498564
14498578
14498591
14498616
14498628
14498672
14498678
14498685
14498688
14498692
14498696
14498697
14498698
14498707
14498708
14498713
14498749
14498756
14498763
14498765
14498769
14498770
14498805
14498811
14498815
14498821
14498839
14498842
14498864
14498867
14498868
14498874
14498877
14498901
14498931
14498939
14498999
14499010
14499029
14499062
14499098
14499109
14499123
14499126
14499158
14499163
14499167
14499173
14499186
14499230
14499239
14499248
14499261
14499304
14499311
14499312
14499347
14499353
14499382
14499391
14499428
14499437
14499453
14499461
14499469
14499470
14499477
14499489
14499502
14499558
14499564
14499609
14499617
14499628
14499660
14499754
14499759
14499768
14499784
14499965
14499973
14499997
