14452544
14452566
14453553
14453606
14453751
14453765
14453992
14454009
14454031
14454055
14454060
14454076
14454079
14454118
14454131
14454146
14454151
14454161
14454206
14454207
14454212
14454235
14454247
14454281
14454511
14454523
14454562
14454572
14454613
14454622
14454851
14454893
14454907
14454913
14454924
14454928
14454938
14454967
14455091
14455112
14455171
14455175
14455314
14455320
14455413
14455422
14455585
14455590
14455632
14455639
14455660
14455664
14455815
14455839
14456143
14456148
14456174
14456518
14456525
14456863
14456879
14456957
14456975
14456979
14457001
14457754
14457766
14457896
14457910
14457963
14457988
14458020
14458026
14458033
14458056
14458077
14458091
14458119
14458227
14458235
14459330
14459353
14459645
14459653
14459743
14459751
14459778
14459786
14459812
14459835
14460013
14460017
14460724
14460763
14460785
14460882
14460901
14460903
14460909
14460919
14460952
14460959
14460974
14460978
14460988
14460990
14460993
14461103
14461106
14461111
14461120
14461124
14461131
14461134
14461196
14461267
14461288
14461293
14461294
14461297
14461323
14461339
14461347
14461425
14461433
14461466
14461478
14461510
14461511
14461519
14461526
14461531
14461533
14461541
14461557
14461567
14461591
14461609
14461645
14461725
14461794
14461811
14461816
14461859
14461944
14461968
14461973
14461983
14461986
14462031
14462055
14462059
14462060
14462062
14462071
14462144
14462148
14462178
14462221
14462234
14462238
14462259
14462286
14462328
14462330
14462362
14462366
14462386
14462391
14462425
14462443
14462458
14462758
14462801
14462813
14462865
14462876
14462881
14462890
14462891
14462908
14462911
14462918
14462920
14463196
14463199
14463234
14463249
14463254
14463319
14463347
14463369
14463404
14463453
14463466
14463503
14463540
14463553
14463586
14463611
14463661
14463671
14463679
14463687
14463848
14463881
14463945
14463986
14464187
14464196
14464213
14464231
14464238
14464240
14464263
14464326
14464374
14464402
14464471
14464477
14464478
14464509
14464519
14464538
14464547
14464578
14464649
14464662
14464859
14464893
14464920
14464932
14465002
14465281
14465311
14465403
14465412
14465628
14465635
14465661
14465669
14465680
14465713
14465753
14465770
14465985
14466083
14466089
14466111
14466114
14466118
14466128
14466134
14466136
14466283
14466286
14466291
14466302
14466304
14466312
14466334
14466340
14466366
14466438
14466449
14466454
14466455
14466470
14466512
14466550
14466673
14466682
14466683
14466706
14466708
14466740
14466747
14466786
14466796
14466805
14466822
14466851
14466961
14466984
14467009
14467072
14467125
14467163
14467190
14467232
14467238
14467246
14467259
14467387
14467399
14467419
14467453
14467517
14467529
14467547
14467630
14467667
14467670
14467684
14467687
14467694
14467696
14467968
14468108
14468119
14468356
14468387
14468401
14468405
14468413
14468430
14468448
14468469
14468838
14468861
14469047
14469071
14469114
14469179
14469215
14469451
14469452
14469465
14469476
14469477
14469483
14469509
14469526
14469585
14469613
14469636
14469638
14469639
14469642
14469663
14469719
14469749
14469844
14469850
14469873
14469913
14469945
14469961
14470045
14470047
14470060
14470101
14470103
14470115
14470117
14470146
14470159
14470199
14470220
14470230
14470267
14470323
14470330
14470342
14470356
14470392
14470439
14470492
14470751
14470867
14470884
14470920
14470940
14471281
14471314
14471345
14471386
14471390
14471406
14471531
14471546
14471710
14471722
14471796
14471803
14471828
14471842
14472019
14472043
14472092
14472116
14472174
14472207
14472237
14472276
14472334
14472338
14472347
14472360
14472674
14472685
14472705
14472746
14472886
14472904
14472909
14472917
14472988
14473076
14473087
14473120
14473241
14473280
14473287
14473313
14473316
14473321
14473336
14473338
14473361
14473362
14473364
14473370
14473454
14473476
14473509
14473529
14473535
14473538
14473548
14473576
14473598
14473614
14473621
14473745
14473751
14473756
14473774
14473776
14473779
14473780
14473783
14473793
14473795
14473801
14473807
14473828
14473840
14473856
14473865
14473887
14473901
14473905
14473922
14473944
14473951
14474140
14474162
14474164
14474200
14474239
14474244
14474304
14474315
14474316
14474325
14474363
14474370
14474399
14474466
14474490
14474495
14474527
14474548
14474564
14474609
14474614
14474616
14474668
14474671
14474709
14474718
14474753
14474769
14474770
14474846
14474898
14474945
14475007
14475082
14475090
14475098
14475139
14475161
14475178
14475208
14475224
14475233
14475236
14475248
14475256
14475274
14475291
14475337
14475382
14475406
14475583
14475609
14475630
14475681
14475715
14476218
14476386
14476396
14476407
14476410
14476445
14476465
14476476
14476515
14476558
14476614
14476637
14476646
14476668
14476778
14476785
14476802
14476812
14476869
14476875
14476878
14476887
14476894
14476900
14477022
14477049
14477205
14477266
14477297
14477299
14477302
14477308
14477320
14477335
14477387
14477396
14477456
14477621
14477638
14477668
14477808
14477926
14477956
14477990
14478020
14478035
14478037
14478043
14478086
14478132
14478146
14478148
14478158
14478199
14478200
14478203
14478254
14478309
14478342
14478536
14478558
14478623
14478795
14478802
14478852
14478861
14478871
14478876
14478906
14478940
14479079
14479112
14479150
14479182
14479327
14479337
14479369
14479386
14479389
14479399
14479454
14479471
14479478
14479491
14479493
14479741
14479776
14479826
14479848
14479865
14479875
14479898
14479921
14479978
14479994
14479995
14479999
14480013
14480016
14480047
14480060
14480063
14480076
14480114
14480267
14480287
14480296
14480301
14480318
14480326
14480346
14480367
14480369
14480378
14480393
14480441
14480446
14480450
14480458
14480493
14480553
14480581
14480621
14480635
14480707
14480731
14480742
14480747
14480768
14480772
14480781
14480905
14480907
14480988
14481019
14481053
14481064
14481120
14481144
14481209
14481225
14481260
14481329
14481344
14481351
14481364
14481389
14481396
14481478
14481495
14481647
14481665
14481679
14481680
14481688
14481705
14481866
14481874
14482155
14482156
14482181
14482200
14482224
14482257
14482430
14482607
14482662
14483012
14483021
14483099
14483127
14483134
14483141
14483158
14483162
14483211
14483240
14483275
14483276
14483324
14483329
14483355
14483356
14483379
14483445
14483476
14483491
14483555
14483580
14483812
14483829
14483921
14483941
14483946
14483951
14483967
14483971
14483999
14484012
14484289
14484294
14484327
14484335
14484454
14484483
14484617
14484634
14484693
14484741
14484747
14484760
14485224
14485227
14485406
14485422
14485427
14485436
14485515
14485542
14485884
14485969
14486001
14486044
14486133
14486179
14486211
14486219
14486220
14486239
14486264
14486332
14486333
14486362
14486380
14486426
14486447
14486470
14486472
14486510
14486571
14486578
14486607
14486650
14486698
14486733
14486779
14486986
14486999
14487086
14487096
14487317
14487323
14487408
14487418
14487436
14487523
14487525
14487540
14487545
14487561
14487571
14487575
14487581
14487597
14487620
14487709
14487737
14487788
14487798
14487852
14487860
14487937
14487979
14488054
14488077
14488203
14488208
14488224
14488225
14488473
14488495
14488714
14488725
14488854
14488861
14488902
14488914
14489034
14489045
14489234
14489250
14489411
14489569
14489604
14489740
14489785
14489818
14489865
14489904
14489999
14490051
14490138
14490173
14490222
14490264
14490274
14490364
14490376
14490439
14490467
14490480
14490495
14490531
14490569
14490653
14490790
14490810
14490819
14490835
14490872
14490882
14490896
14491039
14491050
14491064
14491070
14491079
14491157
14491232
14491567
14491599
14491600
14491619
14491695
14491710
14491771
14491801
14491914
14491942
14492128
14492173
14492174
14492389
14492393
14492416
14492434
14492627
14492666
14492721
14492728
14492732
14492773
14492784
14492837
14492902
14492912
14492950
14492999
14493011
14493049
14493054
14493067
14493081
14493083
14493090
14493116
14493139
14493222
14493252
14493393
14493432
14493869
14493882
14493885
14493923
14493936
14493938
14493943
14493958
14493989
14494047
14494062
14494082
14494101
14494159
14494163
14494181
14494182
14494200
14494210
14494229
14494607
14494653
14494660
14494683
14494707
14494872
14494909
14495011
14495082
14495086
14495129
14495244
14495265
14495371
14495388
14495557
14495563
14495572
14495590
14495593
14495595
14495635
14495640
14495643
14495656
14495771
14495788
14495846
14495851
14495861
14495863
14495871
14495947
14495956
14495957
14495968
14495974
14496001
14496029
14496047
14496066
14496070
14496082
14496087
14496125
14496182
14496300
14496317
14496344
14496363
14496608
14496617
14496631
14496673
14496776
14496787
14496816
14496830
14496943
14496991
14497079
14497111
14497246
14497248
14497296
14497313
14497323
14497324
14497332
14497345
14497351
14497407
14497409
14497667
14497698
14498013
14498052
14498147
14498174
14498350
14498360
14499056
14499060
14499086
14499264
14499274
14499355
14499453
14499491
14499501
14499516
14499615
14499654
14499816
14499936
14499967
14499989
14499997
