14494444
14494445
14494450
14494455
14494456
14494457
14494458
14494460
14494462
14494464
14494465
14494468
14494470
14494473
14494477
14494480
14494489
14494493
14494495
14494497
14494503
14494504
14494515
14494518
14494523
14494527
14494528
14494533
14494539
14494541
14494542
14494543
14494546
14494547
14494548
14494549
14494554
14494560
14494561
14494562
14494575
14494577
14494580
14494584
14494590
14494607
14494610
14494628
14494633
14494640
14494641
14494642
14494648
14494659
14494661
14494687
14494696
14494713
14494718
14494721
14494728
14494731
14494738
14494741
14494745
14494752
14494758
14494774
14494783
14494788
14494789
14494798
14494805
14494807
14494820
14494821
14494828
14494835
14494841
14494843
14494845
14494853
14494855
14494856
14494874
14494876
14494881
14494890
14494898
14494905
14494908
14494924
14494938
14494955
14494958
14494962
14494963
14494964
14494968
14494972
14494973
14494979
14494983
14494987
14494993
14495005
14495010
14495017
14495024
14495034
14495036
14495038
14495039
14495044
14495046
14495047
14495048
14495050
14495055
14495056
14495057
14495058
14495060
14495061
14495063
14495065
14495067
14495068
14495069
14495073
14495077
14495080
14495082
14495086
14495093
14495101
14495105
14495110
14495111
14495114
14495115
14495120
14495121
14495129
14495131
14495132
14495133
14495142
14495144
14495151
14495157
14495158
14495162
14495165
14495168
14495173
14495184
14495187
14495188
14495190
14495191
14495192
14495193
14495194
14495198
14495200
14495202
14495203
14495207
14495212
14495215
14495216
14495225
14495229
14495230
14495233
14495234
14495235
14495242
14495246
14495254
14495255
14495259
14495261
14495264
14495280
14495282
14495285
14495286
14495288
14495290
14495293
14495297
14495305
14495306
14495319
14495322
14495323
14495328
14495329
14495336
14495342
14495345
14495348
14495355
14495358
14495363
14495366
14495374
14495383
14495393
14495413
14495418
14495428
14495429
14495434
14495435
14495438
14495441
14495447
14495449
14495450
14495451
14495453
14495455
14495456
14495457
14495461
14495472
14495473
14495475
14495486
14495491
14495499
14495507
14495508
14495509
14495513
14495514
14495518
14495521
14495524
14495529
14495533
14495535
14495539
14495541
14495542
14495548
14495550
14495552
14495556
14495563
14495564
14495569
14495570
14495576
14495579
14495580
14495582
14495598
14495600
14495602
14495605
14495609
14495612
14495632
14495633
14495636
14495638
14495639
14495647
14495648
14495651
14495654
14495659
14495661
14495662
14495665
14495669
14495670
14495672
14495674
14495675
14495683
14495690
14495702
14495711
14495713
14495718
14495724
14495726
14495728
14495729
14495738
14495744
14495755
14495758
14495764
14495766
14495781
14495784
14495789
14495790
14495795
14495804
14495810
14495822
14495831
14495840
14495847
14495854
14495855
14495869
14495871
14495883
14495886
14495888
14495889
14495895
14495896
14495912
14495913
14495915
14495920
14495921
14495922
14495923
14495925
14495926
14495927
14495929
14495930
14495935
14495941
14495943
14495945
14495946
14495951
14495956
14495961
14495964
14495965
14495967
14495968
14495973
14495975
14495976
14495977
14495979
14495982
14495985
14495989
14495994
14495997
14495998
14495999
14496001
14496002
14496007
14496010
14496012
14496023
14496031
14496032
14496037
14496044
14496045
14496049
14496057
14496076
14496087
14496088
14496100
14496107
14496109
14496113
14496121
14496137
14496138
14496143
14496161
14496181
14496182
14496189
14496190
14496191
14496193
14496197
14496198
14496209
14496210
14496223
14496229
14496231
14496236
14496249
14496250
14496255
14496273
14496283
14496286
14496306
14496310
14496319
14496323
14496324
14496337
14496344
14496345
14496361
14496394
14496396
14496399
14496405
14496411
14496417
14496420
14496434
14496439
14496441
14496450
14496457
14496458
14496459
14496477
14496481
14496483
14496489
14496493
14496501
14496502
14496508
14496518
14496522
14496525
14496539
14496540
14496547
14496549
14496553
14496568
14496587
14496593
14496594
14496607
14496609
14496614
14496630
14496649
14496652
14496657
14496658
14496664
14496669
14496670
14496674
14496676
14496682
14496686
14496690
14496697
14496704
14496711
14496729
14496748
14496749
14496751
14496756
14496757
14496760
14496761
14496764
14496765
14496766
14496772
14496773
14496776
14496781
14496783
14496786
14496791
14496802
14496808
14496812
14496822
14496823
14496826
14496828
14496831
14496853
14496856
14496857
14496860
14496863
14496871
14496872
14496873
14496874
14496883
14496885
14496896
14496904
14496913
14496932
14496933
14496945
14496956
14496962
14496968
14496978
14496980
14496981
14496988
14496992
14496999
14497005
14497009
14497016
14497019
14497024
14497029
14497030
14497034
14497036
14497039
14497041
14497047
14497054
14497067
14497079
14497083
14497084
14497088
14497101
14497110
14497112
14497115
14497122
14497130
14497155
14497157
14497158
14497160
14497165
14497172
14497189
14497202
14497204
14497207
14497210
14497221
14497225
14497233
14497235
14497238
14497239
14497243
14497244
14497247
14497252
14497253
14497255
14497264
14497272
14497276
14497280
14497281
14497282
14497284
14497291
14497296
14497297
14497314
14497320
14497324
14497325
14497327
14497329
14497336
14497349
14497350
14497351
14497356
14497357
14497363
14497367
14497369
14497373
14497377
14497381
14497386
14497388
14497389
14497400
14497409
14497419
14497449
14497450
14497454
14497455
14497463
14497477
14497509
14497517
14497532
14497534
14497545
14497557
14497560
14497564
14497566
14497568
14497569
14497599
14497601
14497618
14497623
14497626
14497627
14497645
14497648
14497650
14497654
14497661
14497670
14497672
14497673
14497675
14497680
14497682
14497685
14497688
14497691
14497692
14497693
14497698
14497701
14497703
14497705
14497706
14497713
14497714
14497716
14497724
14497729
14497741
14497743
14497748
14497751
14497754
14497758
14497760
14497761
14497765
14497767
14497770
14497779
14497794
14497796
14497797
14497820
14497821
14497823
14497838
14497839
14497841
14497844
14497851
14497852
14497864
14497869
14497885
14497894
14497895
14497897
14497903
14497908
14497926
14497938
14497941
14497955
14497958
14497968
14497972
14497974
14497980
14497987
14498009
14498016
14498017
14498020
14498022
14498024
14498035
14498051
14498053
14498054
14498057
14498058
14498059
14498067
14498076
14498093
14498097
14498102
14498105
14498112
14498113
14498114
14498115
14498128
14498129
14498143
14498148
14498150
14498154
14498155
14498157
14498172
14498185
14498191
14498199
14498212
14498233
14498235
14498239
14498249
14498251
14498253
14498263
14498264
14498268
14498275
14498283
14498290
14498296
14498309
14498320
14498331
14498354
14498356
14498357
14498359
14498362
14498366
14498367
14498376
14498386
14498392
14498396
14498398
14498402
14498408
14498411
14498413
14498416
14498426
14498430
14498431
14498442
14498453
14498465
14498471
14498476
14498477
14498490
14498495
14498521
14498528
14498529
14498536
14498537
14498540
14498542
14498543
14498545
14498546
14498547
14498556
14498559
14498567
14498570
14498576
14498577
14498584
14498585
14498591
14498595
14498598
14498599
14498602
14498606
14498607
14498612
14498618
14498622
14498629
14498639
14498640
14498655
14498672
14498701
14498708
14498712
14498718
14498722
14498728
14498730
14498737
14498745
14498748
14498753
14498754
14498755
14498765
14498772
14498785
14498787
14498794
14498795
14498805
14498821
14498824
14498841
14498848
14498861
14498868
14498869
14498883
14498885
14498889
14498892
14498899
14498901
14498911
14498917
14498918
14498925
14498930
14498939
14498958
14498961
14498971
14498974
14498975
14498976
14498990
14498994
14499009
14499010
14499020
14499023
14499029
14499039
14499046
14499048
14499049
14499053
14499054
14499090
14499091
14499092
14499108
14499123
14499133
14499158
14499164
14499170
14499174
14499178
14499182
14499183
14499195
14499196
14499201
14499228
14499230
14499238
14499239
14499243
14499251
14499264
14499279
14499288
14499303
14499308
14499314
14499319
14499320
14499338
14499343
14499349
14499355
14499359
14499363
14499366
14499372
14499379
14499382
14499383
14499392
14499400
14499421
14499422
14499424
14499428
14499437
14499443
14499446
14499448
14499450
14499451
14499460
14499465
14499469
14499478
14499479
14499498
14499509
14499510
14499515
14499516
14499525
14499530
14499531
14499551
14499560
14499563
14499565
14499566
14499569
14499572
14499575
14499579
14499589
14499592
14499596
14499600
14499605
14499610
14499613
14499618
14499623
14499624
14499628
14499629
14499631
14499633
14499635
14499636
14499640
14499642
14499645
14499654
14499657
14499659
14499663
14499666
14499667
14499670
14499671
14499677
14499703
14499712
14499726
14499730
14499742
14499743
14499753
14499788
14499791
14499805
14499813
14499814
14499828
14499831
14499836
14499847
14499848
14499849
14499856
14499857
14499868
14499887
14499897
14499909
14499913
14499924
14499931
14499940
14499952
14499955
14499956
14499959
14499973
14499977
14499978
14499987
14499992
