14471813
14471819
14471863
14471869
14471877
14471886
14471899
14471952
14471967
14471977
14472017
14472025
14472076
14472079
14472158
14472159
14472241
14472278
14472298
14472342
14472354
14472498
14472570
14472597
14472698
14472755
14472821
14472823
14472834
14472950
14472963
14473064
14473083
14473137
14473151
14473155
14473224
14473269
14473273
14473404
14473410
14473413
14473570
14473576
14473622
14473708
14473767
14473794
14473811
14473869
14473917
14473989
14474030
14474070
14474102
14474108
14474109
14474121
14474151
14474176
14474213
14474276
14474310
14474329
14474355
14474373
14474381
14474404
14474411
14474465
14474515
14474537
14474540
14474565
14474568
14474606
14474647
14474661
14474678
14474752
14474772
14474845
14474955
14474962
14474967
14475005
14475027
14475158
14475210
14475262
14475331
14475368
14475490
14475609
14475634
14476061
14476177
14476192
14476193
14476200
14476264
14476335
14476379
14476499
14476521
14476529
14476556
14476644
14476967
14477112
14477123
14477237
14477365
14477395
14477650
14477727
14477855
14477866
14477872
14477928
14477931
14477966
14477987
14478034
14478129
14478195
14478242
14478243
14478268
14478393
14478403
14478461
14478463
14478508
14478511
14478515
14478531
14478573
14478590
14478622
14478623
14478642
14478653
14478658
14478678
14478696
14478713
14478730
14478737
14478741
14478814
14478849
14478877
14478933
14478977
14478992
14479017
14479066
14479077
14479128
14479139
14479180
14479181
14479194
14479251
14479274
14479289
14479321
14479398
14479473
14479502
14479507
14479592
14479599
14479612
14479619
14479625
14479682
14479734
14479791
14479817
14479841
14479937
14480063
14480080
14480124
14480127
14480157
14480196
14480205
14480270
14480317
14480330
14480345
14480415
14480494
14480539
14480658
14480667
14480668
14480797
14480827
14480871
14481013
14481056
14481121
14481238
14481333
14481450
14481527
14481530
14481612
14481636
14481662
14481664
14481873
14481923
14481951
14482030
14482077
14482080
14482087
14482155
14482187
14482314
14482336
14482353
14482375
14482380
14482417
14482483
14482562
14482687
14482771
14482950
14483064
14483135
14483143
14483146
14483158
14483183
14483185
14483188
14483365
14483379
14483469
14483513
14483514
14483515
14483720
14483811
14483852
14483885
14484316
14484374
14484400
14484401
14484592
14484617
14484648
14484767
14484796
14484852
14484936
14485040
14485049
14485096
14485122
14485154
14485310
14485382
14485385
14485386
14485401
14485423
14485427
14485444
14485495
14485542
14485548
14485625
14485659
14485674
14485726
14485805
14485809
14485832
14485918
14485963
14485984
14485992
14485993
14486003
14486007
14486023
14486027
14486047
14486059
14486211
14486296
14486386
14486404
14486417
14486438
14486459
14486468
14486522
14486571
14486590
14486687
14486742
14486875
14486923
14487055
14487064
14487075
14487076
14487088
14487103
14487116
14487182
14487202
14487220
14487259
14487287
14487288
14487289
14487291
14487293
14487302
14487329
14487345
14487437
14487449
14487485
14487511
14487529
14487538
14487540
14487595
14487667
14487789
14487804
14487932
14487939
14487951
14488002
14488005
14488068
14488117
14488128
14488193
14488288
14488289
14488290
14488298
14488348
14488409
14488414
14488421
14488434
14488475
14488479
14488483
14488519
14488529
14488553
14488592
14488608
14488641
14488651
14488686
14488704
14488774
14488809
14489004
14489112
14489184
14489187
14489580
14489602
14489618
14489633
14489635
14489639
14489660
14489662
14489668
14489797
14489815
14489873
14489879
14489880
14489911
14489916
14489931
14489932
14489935
14489948
14489953
14489974
14489976
14489980
14490001
14490005
14490011
14490023
14490024
14490060
14490099
14490111
14490155
14490169
14490179
14490181
14490207
14490247
14490252
14490254
14490267
14490269
14490287
14490290
14490294
14490300
14490302
14490321
14490326
14490333
14490336
14490339
14490353
14490365
14490366
14490386
14490407
14490425
14490443
14490457
14490462
14490502
14490558
14490695
14490767
14490774
14490777
14490789
14490857
14490898
14491075
14491079
14491080
14491083
14491087
14491116
14491154
14491271
14491272
14491282
14491288
14491296
14491392
14491493
14491533
14491535
14491566
14491658
14491662
14491697
14491699
14491719
14491724
14491731
14491744
14491747
14491749
14491754
14491763
14491779
14491786
14491791
14491797
14491838
14491862
14492021
14492157
14492174
14492242
14492296
14492340
14492344
14492405
14492413
14492452
14492456
14492493
14492509
14492510
14492590
14492611
14492624
14492636
14492664
14492678
14492738
14492748
14492760
14492827
14492843
14492862
14492889
14492910
14492916
14492925
14492930
14492938
14492941
14492942
14492973
14492988
14493004
14493045
14493064
14493068
14493115
14493124
14493136
14493155
14493278
14493391
14493393
14493407
14493412
14493435
14493451
14493457
14493499
14493516
14493533
14493599
14493632
14493651
14493667
14493692
14493768
14493781
14493806
14493823
14493859
14493905
14493920
14493942
14493989
14493998
14494007
14494144
14494219
14494228
14494229
14494350
14494392
14494445
14494446
14494516
14494540
14494577
14494653
14494794
14494873
14494885
14494941
14494948
14495016
14495071
14495074
14495247
14495309
14495403
14495406
14495419
14495442
14495450
14495455
14495476
14495483
14495507
14495541
14495548
14495549
14495553
14495567
14495588
14495594
14495608
14495654
14495665
14495689
14495805
14495987
14496001
14496011
14496102
14496109
14496118
14496158
14496231
14496247
14496271
14496289
14496313
14496324
14496330
14496357
14496366
14496424
14496434
14496489
14496490
14496497
14496526
14496592
14496641
14496660
14496664
14496668
14496708
14496723
14496729
14496736
14496743
14496745
14496753
14496761
14496762
14496772
14496778
14496787
14496791
14496792
14496803
14496804
14496836
14496934
14496981
14496998
14497026
14497032
14497050
14497053
14497068
14497071
14497086
14497105
14497136
14497137
14497147
14497148
14497158
14497177
14497198
14497233
14497242
14497273
14497305
14497327
14497355
14497377
14497378
14497380
14497398
14497479
14497482
14497491
14497492
14497497
14497535
14497541
14497547
14497549
14497569
14497585
14497589
14497611
14497612
14497627
14497630
14497656
14497733
14497746
14497785
14497810
14497817
14497840
14497930
14497937
14497955
14497958
14497963
14497966
14497972
14497974
14497983
14497987
14497999
14498013
14498034
14498042
14498046
14498050
14498051
14498070
14498076
14498085
14498094
14498119
14498147
14498156
14498161
14498187
14498208
14498226
14498245
14498250
14498270
14498278
14498287
14498309
14498310
14498312
14498324
14498343
14498351
14498357
14498366
14498386
14498404
14498407
14498413
14498415
14498419
14498420
14498424
14498431
14498434
14498446
14498454
14498469
14498478
14498481
14498482
14498489
14498491
14498494
14498495
14498504
14498517
14498528
14498538
14498542
14498545
14498546
14498556
14498562
14498564
14498576
14498584
14498598
14498607
14498611
14498615
14498622
14498631
14498639
14498641
14498647
14498651
14498653
14498661
14498666
14498672
14498673
14498678
14498679
14498683
14498687
14498692
14498695
14498696
14498698
14498708
14498710
14498714
14498718
14498723
14498725
14498738
14498753
14498756
14498757
14498760
14498763
14498765
14498768
14498770
14498773
14498774
14498778
14498781
14498782
14498791
14498792
14498805
14498819
14498842
14498844
14498850
14498862
14498867
14498871
14498873
14498885
14498906
14498916
14498931
14498935
14498939
14498941
14498945
14498950
14498951
14498965
14498967
14498974
14498978
14499035
14499064
14499081
14499087
14499093
14499117
14499120
14499123
14499129
14499140
14499143
14499157
14499160
14499163
14499166
14499170
14499171
14499178
14499191
14499202
14499223
14499238
14499246
14499261
14499268
14499283
14499297
14499305
14499317
14499342
14499349
14499350
14499351
14499372
14499384
14499396
14499405
14499416
14499443
14499467
14499478
14499491
14499497
14499503
14499512
14499520
14499522
14499523
14499535
14499536
14499544
14499547
14499557
14499560
14499563
14499566
14499569
14499574
14499578
14499585
14499592
14499597
14499598
14499600
14499605
14499607
14499612
14499614
14499620
14499623
14499648
14499652
14499653
14499667
14499670
14499683
14499688
14499691
14499704
14499707
14499730
14499733
14499735
14499737
14499738
14499747
14499749
14499750
14499752
14499753
14499756
14499760
14499762
14499766
14499767
14499769
14499775
14499782
14499785
14499786
14499788
14499791
14499795
14499798
14499799
14499805
14499808
14499810
14499812
14499814
14499816
14499828
14499831
14499834
14499836
14499840
14499843
14499848
14499851
14499853
14499859
14499865
14499866
14499867
14499868
14499871
14499880
14499881
14499888
14499895
14499898
14499899
14499900
14499903
14499904
14499912
14499913
14499916
14499919
14499922
14499924
14499927
14499932
14499935
14499940
14499942
14499945
14499949
14499952
14499956
14499957
14499959
14499960
14499963
14499964
14499968
14499969
14499970
14499973
14499978
14499982
14499989
14499993
14499994
14499995
14499996
