14497115
14497116
14497121
14497125
14497126
14497129
14497130
14497137
14497140
14497143
14497144
14497145
14497146
14497147
14497148
14497154
14497159
14497160
14497163
14497166
14497168
14497171
14497174
14497176
14497177
14497181
14497184
14497185
14497193
14497197
14497198
14497199
14497202
14497203
14497205
14497207
14497213
14497214
14497216
14497218
14497221
14497223
14497225
14497227
14497230
14497231
14497233
14497234
14497235
14497238
14497239
14497242
14497244
14497246
14497247
14497248
14497250
14497252
14497255
14497259
14497260
14497273
14497279
14497280
14497281
14497285
14497287
14497290
14497295
14497299
14497302
14497304
14497305
14497306
14497308
14497310
14497313
14497319
14497323
14497326
14497333
14497337
14497338
14497347
14497350
14497352
14497353
14497357
14497364
14497365
14497371
14497372
14497374
14497377
14497378
14497379
14497380
14497381
14497386
14497387
14497389
14497391
14497392
14497398
14497399
14497400
14497401
14497402
14497403
14497408
14497409
14497411
14497416
14497420
14497427
14497431
14497432
14497433
14497439
14497444
14497450
14497451
14497460
14497463
14497464
14497466
14497468
14497469
14497473
14497476
14497479
14497481
14497482
14497483
14497485
14497486
14497487
14497491
14497494
14497497
14497500
14497501
14497503
14497505
14497506
14497507
14497509
14497512
14497513
14497515
14497522
14497528
14497536
14497543
14497545
14497547
14497549
14497553
14497557
14497559
14497560
14497562
14497564
14497565
14497567
14497569
14497575
14497581
14497582
14497586
14497587
14497591
14497592
14497594
14497595
14497596
14497597
14497602
14497605
14497606
14497607
14497608
14497611
14497612
14497613
14497614
14497616
14497617
14497618
14497623
14497624
14497625
14497626
14497627
14497628
14497629
14497630
14497631
14497632
14497633
14497634
14497637
14497638
14497639
14497641
14497643
14497644
14497645
14497646
14497647
14497649
14497650
14497652
14497653
14497654
14497657
14497658
14497659
14497662
14497664
14497665
14497666
14497667
14497669
14497670
14497671
14497672
14497673
14497675
14497680
14497681
14497682
14497683
14497684
14497687
14497689
14497692
14497693
14497694
14497696
14497698
14497699
14497701
14497706
14497713
14497714
14497720
14497721
14497722
14497728
14497733
14497737
14497741
14497745
14497746
14497751
14497752
14497754
14497755
14497758
14497759
14497761
14497768
14497769
14497778
14497779
14497781
14497785
14497793
14497794
14497795
14497797
14497799
14497801
14497802
14497806
14497807
14497812
14497814
14497815
14497817
14497820
14497827
14497830
14497833
14497838
14497840
14497852
14497853
14497864
14497869
14497871
14497873
14497877
14497879
14497880
14497885
14497886
14497888
14497893
14497894
14497895
14497897
14497899
14497904
14497906
14497908
14497910
14497912
14497913
14497914
14497918
14497919
14497920
14497922
14497923
14497925
14497926
14497928
14497930
14497931
14497933
14497935
14497937
14497938
14497940
14497941
14497942
14497943
14497944
14497946
14497948
14497950
14497951
14497952
14497953
14497955
14497956
14497958
14497962
14497967
14497968
14497969
14497970
14497971
14497972
14497974
14497976
14497980
14497981
14497984
14497987
14497988
14497989
14497990
14497996
14497998
14497999
14498000
14498002
14498003
14498005
14498006
14498009
14498010
14498012
14498013
14498016
14498017
14498020
14498021
14498022
14498029
14498030
14498033
14498039
14498042
14498043
14498046
14498048
14498050
14498051
14498052
14498053
14498054
14498058
14498059
14498060
14498061
14498062
14498067
14498068
14498070
14498074
14498075
14498076
14498077
14498080
14498083
14498085
14498086
14498089
14498090
14498092
14498093
14498095
14498097
14498099
14498102
14498103
14498106
14498107
14498114
14498115
14498122
14498127
14498128
14498129
14498130
14498135
14498136
14498137
14498140
14498143
14498147
14498150
14498154
14498155
14498156
14498158
14498159
14498161
14498166
14498174
14498176
14498179
14498180
14498182
14498187
14498189
14498190
14498191
14498195
14498196
14498198
14498200
14498201
14498205
14498208
14498211
14498213
14498214
14498215
14498216
14498217
14498219
14498220
14498221
14498226
14498230
14498231
14498233
14498235
14498239
14498242
14498247
14498249
14498250
14498252
14498254
14498255
14498258
14498259
14498265
14498267
14498269
14498271
14498282
14498284
14498285
14498286
14498287
14498289
14498291
14498293
14498295
14498296
14498297
14498300
14498302
14498310
14498312
14498313
14498315
14498316
14498321
14498323
14498325
14498326
14498332
14498337
14498339
14498341
14498343
14498348
14498351
14498353
14498356
14498357
14498359
14498363
14498366
14498367
14498368
14498369
14498370
14498373
14498375
14498380
14498387
14498389
14498392
14498393
14498396
14498400
14498406
14498407
14498413
14498415
14498418
14498419
14498420
14498424
14498426
14498427
14498428
14498429
14498430
14498431
14498434
14498438
14498441
14498445
14498446
14498447
14498448
14498453
14498454
14498456
14498457
14498458
14498459
14498462
14498464
14498465
14498468
14498469
14498470
14498472
14498473
14498474
14498476
14498477
14498478
14498480
14498481
14498484
14498485
14498488
14498495
14498499
14498500
14498503
14498504
14498507
14498510
14498512
14498513
14498514
14498517
14498520
14498521
14498522
14498523
14498528
14498529
14498534
14498538
14498539
14498542
14498545
14498546
14498549
14498550
14498551
14498553
14498556
14498558
14498562
14498566
14498568
14498574
14498578
14498580
14498585
14498588
14498589
14498591
14498593
14498599
14498600
14498605
14498607
14498608
14498609
14498610
14498613
14498615
14498618
14498621
14498627
14498628
14498630
14498631
14498634
14498637
14498642
14498645
14498647
14498653
14498661
14498663
14498667
14498668
14498669
14498672
14498673
14498675
14498676
14498678
14498679
14498683
14498684
14498685
14498686
14498687
14498692
14498693
14498695
14498696
14498697
14498698
14498699
14498705
14498710
14498712
14498715
14498716
14498718
14498721
14498722
14498723
14498724
14498725
14498726
14498729
14498730
14498732
14498734
14498735
14498736
14498737
14498738
14498741
14498743
14498744
14498746
14498749
14498753
14498757
14498758
14498760
14498764
14498767
14498770
14498773
14498774
14498776
14498778
14498781
14498782
14498785
14498786
14498787
14498788
14498789
14498790
14498792
14498793
14498797
14498804
14498805
14498806
14498809
14498811
14498814
14498815
14498816
14498818
14498819
14498821
14498828
14498830
14498839
14498841
14498842
14498844
14498848
14498849
14498850
14498851
14498854
14498855
14498857
14498862
14498865
14498867
14498868
14498871
14498875
14498877
14498884
14498896
14498897
14498899
14498903
14498905
14498908
14498914
14498916
14498918
14498922
14498928
14498930
14498935
14498939
14498941
14498945
14498949
14498950
14498952
14498956
14498958
14498961
14498964
14498965
14498967
14498974
14498977
14498979
14498982
14498985
14498987
14498990
14498991
14498994
14498995
14498999
14499004
14499010
14499011
14499012
14499014
14499017
14499024
14499026
14499031
14499035
14499039
14499041
14499042
14499047
14499048
14499049
14499052
14499053
14499058
14499064
14499069
14499076
14499081
14499082
14499092
14499100
14499108
14499119
14499120
14499122
14499125
14499129
14499134
14499136
14499139
14499143
14499144
14499151
14499163
14499164
14499166
14499171
14499174
14499176
14499181
14499182
14499186
14499187
14499201
14499202
14499210
14499216
14499217
14499220
14499223
14499230
14499240
14499241
14499242
14499246
14499248
14499249
14499250
14499253
14499255
14499256
14499259
14499261
14499268
14499269
14499276
14499278
14499281
14499284
14499286
14499296
14499297
14499302
14499304
14499306
14499314
14499319
14499323
14499327
14499330
14499340
14499342
14499349
14499350
14499352
14499354
14499362
14499363
14499364
14499366
14499372
14499375
14499384
14499385
14499387
14499390
14499391
14499392
14499393
14499396
14499400
14499402
14499405
14499415
14499416
14499419
14499420
14499421
14499425
14499429
14499431
14499433
14499436
14499437
14499439
14499443
14499444
14499450
14499451
14499454
14499455
14499457
14499460
14499478
14499480
14499484
14499485
14499487
14499497
14499499
14499506
14499511
14499517
14499520
14499525
14499527
14499531
14499535
14499536
14499537
14499543
14499547
14499549
14499550
14499560
14499561
14499562
14499563
14499574
14499575
14499578
14499580
14499581
14499592
14499594
14499597
14499607
14499608
14499613
14499614
14499615
14499629
14499636
14499643
14499648
14499653
14499661
14499677
14499679
14499691
14499693
14499695
14499702
14499720
14499723
14499724
14499726
14499728
14499730
14499733
14499739
14499743
14499744
14499753
14499756
14499760
14499761
14499767
14499769
14499775
14499785
14499788
14499799
14499801
14499802
14499808
14499813
14499828
14499831
14499833
14499836
14499843
14499844
14499845
14499851
14499856
14499865
14499866
14499868
14499880
14499889
14499893
14499896
14499912
14499913
14499925
14499939
14499942
14499944
14499945
14499957
14499962
14499981
14499987
14499988
14499997
14499998
