13933509
13934799
13936707
13937125
13938643
13943906
13943926
13943990
13944047
13944255
13944274
13944445
13944976
13945084
13946921
13947399
13947505
13947506
13948349
13949165
13949620
13951022
13951036
13951228
13951754
13952989
13956138
13956152
13956955
13958496
13958499
13958546
13958575
13958622
13958662
13960531
13961029
13965427
13965429
13965456
13966188
13976481
13977953
13980103
13982170
13982250
13982285
13984266
13992649
13993349
13993396
13997278
13998525
13998635
13998639
13999256
13999266
13999395
14003532
14003550
14003698
14003724
14003727
14005308
14005318
14011031
14011323
14013962
14017585
14020389
14020649
14020751
14021013
14021081
14021221
14023603
14024292
14024302
14024320
14024343
14024380
14024459
14024628
14024659
14024855
14025156
14025208
14025248
14025370
14025420
14025452
14025476
14025487
14027587
14028061
14028950
14029043
14031978
14032699
14035915
14039518
14044496
14046563
14046733
14047546
14048139
14051742
14051869
14052970
14053110
14053871
14054194
14054548
14054752
14060376
14066183
14066272
14066432
14066649
14067568
14067640
14067701
14068406
14068411
14068524
14069888
14073079
14073093
14074559
14074635
14079296
14080912
14081233
14081667
14081718
14081721
14081742
14081799
14082077
14085076
14085105
14085390
14087725
14089709
14090121
14091483
14093020
14093068
14093077
14095390
14097194
14099236
14102880
14104111
14104720
14105059
14105554
14106794
14106916
14106934
14110737
14114432
14114871
14117960
14118850
14119508
14119903
14119914
14120305
14125723
14125747
14125753
14129000
14129300
14129813
14130223
14132405
14132484
14132636
14136808
14136814
14136836
14137589
14137590
14137593
14137774
14137798
14137858
14138354
14138654
14139846
14140289
14140308
14140311
14140418
14141011
14143261
14143290
14143293
14143466
14143542
14143545
14146149
14146153
14146610
14147225
14147694
14149572
14150087
14150315
14150916
14152449
14153116
14153231
14156344
14156696
14156705
14156794
14159525
14159528
14159541
14159547
14160487
14161111
14163195
14163210
14163263
14163568
14163756
14163758
14163894
14163906
14163908
14164398
14164423
14166181
14166276
14167604
14170381
14171876
14175321
14175734
14177352
14177663
14177667
14177669
14178429
14178623
14178641
14178751
14178781
14178788
14179202
14180171
14182074
14182444
14183151
14183226
14183282
14184696
14186466
14186490
14186642
14186737
14186797
14186918
14186931
14186986
14187023
14187680
14189506
14189669
14189704
14189979
14197248
14199479
14203399
14203403
14203406
14203441
14203451
14207989
14207996
14208504
14209692
14209772
14210260
14210561
14213106
14214986
14215031
14215702
14216321
14217248
14218301
14223076
14224285
14225232
14225624
14226677
14227674
14229757
14230718
14230737
14230784
14233014
14236272
14236273
14236279
14236297
14236302
14241214
14241230
14241369
14241496
14241504
14242680
14246936
14247384
14247422
14247458
14249229
14249234
14249277
14249929
14249934
14250019
14250113
14250124
14250173
14252278
14252467
14252926
14253240
14253303
14253377
14253382
14253452
14255436
14255613
14256315
14257783
14257918
14260607
14260629
14260630
14260633
14260636
14261268
14261456
14262473
14265599
14266170
14266241
14266242
14266254
14266278
14266279
14266328
14266407
14266429
14266480
14266542
14266594
14266926
14266970
14267659
14267982
14268067
14268087
14268393
14268684
14269389
14269449
14270599
14270637
14270936
14271037
14271114
14271200
14271717
14272380
14273195
14273800
14273939
14273985
14274986
14275098
14275377
14275466
14275544
14276145
14276153
14276191
14278991
14279067
14282026
14285409
14285413
14285417
14287759
14287957
14288007
14289609
14290229
14290244
14290433
14290668
14290849
14291100
14293013
14295320
14295326
14295407
14295416
14295419
14295699
14296556
14297829
14297838
14297858
14298445
14298893
14301034
14301479
14301601
14301710
14302010
14305278
14305282
14305685
14306511
14307962
14311685
14314732
14314893
14315042
14317516
14317547
14318660
14318924
14323634
14323851
14323869
14323999
14324026
14325028
14325128
14325411
14325863
14327227
14332537
14333039
14334966
14336272
14336327
14337006
14337075
14337275
14341682
14343480
14344665
14345730
14345938
14346023
14346704
14348865
14349815
14349969
14350268
14350323
14350328
14350703
14351609
14351942
14355306
14355688
14355847
14355889
14356238
14356240
14356946
14356970
14356976
14356982
14357133
14358677
14358696
14360446
14360452
14360659
14360776
14362650
14362889
14363570
14363575
14364243
14364795
14365125
14365196
14365400
14365415
14367981
14368035
14374069
14377525
14378294
14378375
14379599
14381430
14381854
14382585
14382586
14383266
14383294
14384274
14389768
14390025
14393136
14393442
14393471
14393491
14394054
14394507
14394783
14394811
14394819
14394841
14395016
14395232
14396850
14397982
14398171
14398686
14399570
14399710
14399834
14402463
14402576
14402598
14403023
14404224
14405544
14409185
14409215
14409240
14409251
14409253
14409298
14409343
14409345
14409863
14409867
14409872
14410013
14410450
14410556
14410562
14411134
14411171
14411211
14411227
14411365
14411456
14411855
14412022
14412039
14413274
14413292
14413500
14413501
14413516
14413555
14413566
14413572
14413599
14413600
14413601
14413608
14413610
14413637
14413669
14413676
14413814
14413869
14414188
14414197
14414308
14414692
14414696
14414708
14414812
14414819
14414827
14414851
14414999
14415038
14415370
14415372
14415374
14415506
14415583
14415592
14415621
14415625
14415681
14415737
14415759
14416056
14417382
14417449
14417526
14417639
14417703
14417995
14418588
14419026
14419064
14419605
14419618
14419622
14419942
14419946
14419950
14419951
14419955
14420033
14420066
14420090
14420228
14420241
14420244
14420291
14420300
14420320
14420322
14420324
14420330
14420331
14420352
14420525
14420529
14420566
14420579
14420581
14420587
14420591
14420650
14420939
14420962
14421010
14421028
14421062
14421224
14421301
14421309
14421315
14421329
14421346
14421501
14421527
14421546
14421547
14421565
14421592
14421597
14422343
14422447
14422477
14422631
14422639
14422679
14422698
14422743
14423303
14423579
14423767
14424443
14424448
14424757
14424767
14425159
14425347
14425525
14426425
14426430
14426434
14426499
14426576
14426599
14426605
14426618
14426633
14426649
14426702
14426769
14426840
14426860
14427045
14427600
14427765
14429015
14429140
14429221
14429634
14429766
14429820
14430706
14431282
14431302
14432882
14433089
14433138
14433161
14433448
14433551
14433612
14433651
14433757
14433888
14433965
14433986
14434177
14434212
14434435
14434826
14435109
14435231
14435232
14435248
14435489
14435545
14436919
14437025
14438286
14438322
14439256
14439259
14439345
14439347
14439353
14439356
14439358
14439359
14439369
14439387
14439441
14439444
14439545
14439559
14439651
14439672
14439685
14439691
14439705
14439897
14439903
14439938
14440186
14440218
14440293
14440308
14440468
14440501
14440554
14440596
14440971
14441243
14441321
14441373
14443168
14443170
14443178
14443303
14443435
14443595
14443667
14444077
14444078
14444299
14444396
14444398
14444405
14444489
14444676
14444732
14444867
14444920
14444930
14445088
14445112
14445285
14445569
14445574
14445605
14445606
14445631
14445717
14445729
14445747
14445808
14446099
14446108
14446131
14446235
14446255
14447351
14447375
14447379
14448323
14448380
14448450
14448595
14448882
14449730
14449849
14450275
14450290
14450828
14450863
14450936
14451634
14452109
14452162
14452349
14452586
14452587
14452590
14452593
14452599
14452630
14452646
14452651
14452811
14452816
14452878
14452917
14453073
14453095
14453125
14453135
14454312
14455445
14455480
14455652
14455846
14456742
14456834
14457332
14457387
14457997
14458117
14458168
14458407
14458532
14458729
14458752
14458769
14458773
14459840
14461838
14461839
14462638
14462647
14462722
14463999
14464148
14464446
14464989
14465058
14465235
14465240
14466159
14466235
14466640
14466762
14467327
14467833
14468116
14468199
14468317
14468331
14468360
14468440
14469193
14470992
14471124
14471507
14471658
14472125
14473117
14474212
14474487
14474564
14475187
14475396
14475844
14475910
14475987
14476477
14477151
14477422
14477429
14477431
14477530
14477569
14477576
14477748
14477781
14477782
14477837
14477885
14477889
14477929
14477932
14477959
14478086
14478110
14478117
14478153
14478159
14478214
14478257
14478330
14478436
14479251
14479256
14479443
14479495
14479496
14479552
14479566
14479578
14479580
14479581
14479713
14479777
14479807
14479865
14480227
14480274
14480278
14480290
14480475
14480916
14481020
14481145
14481518
14481991
14481997
14482062
14482109
14482119
14482227
14482396
14484309
14484799
14485685
14485736
14485773
14485777
14487727
14487730
14487820
14487821
14488286
14488296
14488313
14488315
14488395
14488896
14489223
14489512
14489628
14490315
14490320
14490377
14490537
14490635
14491085
14491836
14492133
14493636
14493922
14494373
14494375
14494383
14494479
14494767
14495038
14496968
14497542
14497548
14497681
14497692
14497796
14497823
14497834
14499187
14499248
