14438725
14438846
14438855
14438954
14439039
14439153
14439186
14439246
14439266
14439278
14439287
14439303
14439317
14439327
14439465
14439586
14439718
14439761
14439781
14439802
14439852
14439860
14439883
14440171
14440176
14440466
14440483
14440564
14440627
14440635
14440648
14440659
14440689
14440690
14440776
14440829
14440839
14440939
14440940
14441217
14441415
14441473
14441480
14441559
14441561
14441682
14441688
14441751
14441752
14441877
14442137
14442156
14442193
14442202
14442294
14442299
14442301
14442314
14442536
14442601
14442654
14442823
14442886
14442925
14442935
14442948
14443106
14443288
14443322
14443401
14443418
14443884
14444265
14444297
14444306
14444311
14444340
14444348
14444377
14444395
14444539
14444615
14444714
14445046
14445057
14445120
14445137
14445141
14445144
14445312
14445336
14445535
14445664
14445694
14445856
14445891
14446175
14446656
14446730
14446739
14446740
14446774
14446846
14447004
14447168
14447174
14447234
14447257
14447266
14447276
14447512
14447631
14447651
14447719
14447724
14447729
14447796
14447869
14447971
14448025
14448038
14448116
14448126
14448322
14448383
14448440
14448618
14448716
14448750
14448754
14448820
14448863
14448867
14449118
14449222
14449322
14449329
14449454
14449461
14449491
14449528
14449549
14449550
14449838
14449846
14450023
14450090
14450165
14450196
14450231
14450260
14450342
14450347
14450361
14450539
14450682
14450816
14450819
14450847
14450973
14450994
14451002
14451004
14451035
14451041
14451074
14451780
14451800
14451806
14451838
14452597
14452619
14452691
14452711
14452775
14452893
14452910
14453015
14453120
14453125
14453140
14453154
14453212
14453231
14453275
14453314
14453359
14453363
14453436
14453463
14453655
14453795
14453831
14453962
14453998
14454033
14454039
14454047
14454076
14454083
14454093
14454099
14454111
14454121
14454127
14454138
14454166
14454224
14454329
14454351
14454353
14454355
14454492
14454502
14454751
14454754
14454762
14454807
14454837
14454851
14454859
14454862
14454966
14455100
14455229
14455234
14455240
14455250
14455311
14455314
14455372
14455382
14455489
14455551
14455566
14455567
14455589
14455605
14455617
14455623
14455630
14455651
14455720
14455729
14455739
14455753
14455787
14455788
14455812
14455826
14455846
14455847
14456012
14456372
14456525
14456533
14456542
14456634
14456640
14456744
14456780
14457096
14457205
14457521
14457700
14457724
14457984
14457991
14457998
14458203
14458430
14458495
14458525
14458577
14458706
14458718
14458832
14458877
14459075
14459126
14459227
14459235
14459280
14459297
14459300
14459323
14459348
14459354
14459357
14459363
14459621
14459633
14460179
14460244
14460345
14460538
14460712
14460736
14461122
14461139
14461146
14461157
14461158
14461192
14461217
14461243
14461253
14461254
14461257
14461260
14461289
14461352
14461359
14461385
14461415
14461431
14461455
14461604
14461650
14461653
14461675
14461688
14461739
14461749
14462147
14462241
14462245
14462432
14462437
14462520
14462524
14462587
14462595
14462677
14462881
14462890
14462894
14463132
14463139
14463178
14463199
14463232
14463243
14463283
14463322
14463555
14463557
14463559
14463618
14463652
14463887
14464228
14464243
14464259
14464260
14464263
14464303
14464440
14464523
14464533
14464542
14464557
14464567
14464572
14464589
14464598
14464612
14464618
14464681
14464732
14464740
14464745
14464800
14464816
14464886
14464893
14465332
14465346
14465361
14465427
14465554
14465677
14465687
14465696
14465699
14465701
14465717
14465772
14465778
14465827
14465860
14465863
14465884
14466017
14466020
14466024
14466106
14466143
14466168
14466370
14466384
14466410
14466411
14466423
14466426
14466453
14466541
14466727
14466739
14467078
14467088
14467094
14467095
14467245
14467340
14467345
14467354
14467358
14467587
14467635
14467642
14467652
14467670
14467755
14467760
14467837
14467847
14467858
14467885
14467898
14467910
14468003
14468006
14468014
14468016
14468045
14468101
14468105
14468115
14468207
14468217
14468303
14468310
14468367
14468380
14468481
14468524
14468542
14468605
14468870
14468972
14469013
14469027
14469049
14469067
14469280
14469300
14469315
14469317
14469399
14469413
14469417
14469434
14469463
14469473
14469641
14469673
14469688
14469691
14469733
14469921
14469924
14470047
14470213
14470215
14470220
14470223
14470227
14470388
14470416
14470827
14470832
14471004
14471197
14471287
14471432
14471527
14471538
14471543
14471582
14471588
14471596
14471619
14471622
14471721
14471732
14471751
14471782
14471787
14471831
14471848
14471852
14471864
14471869
14471894
14471912
14471913
14471918
14471921
14471927
14471939
14471944
14471948
14472009
14472038
14472041
14472072
14472075
14472078
14472171
14472180
14472519
14472606
14472612
14472625
14472713
14472772
14472773
14472780
14472867
14472869
14472948
14472971
14472977
14473020
14473046
14473103
14473107
14473108
14473243
14473248
14473302
14473333
14473400
14473530
14473543
14473637
14473671
14473714
14473726
14473970
14473984
14474067
14474217
14474237
14474257
14474264
14474369
14474378
14474382
14474611
14474669
14474696
14474719
14474767
14474811
14474852
14474944
14474946
14474953
14474987
14474991
14475089
14475109
14475237
14475484
14475491
14475504
14475507
14475512
14475517
14475522
14475541
14475571
14475601
14475623
14475633
14475698
14475990
14476002
14476027
14476037
14476173
14476220
14476251
14476255
14476273
14476296
14476308
14476311
14476317
14476320
14476461
14476469
14476506
14476529
14476589
14476601
14476651
14476814
14476821
14476860
14476867
14476902
14476908
14476914
14476920
14476925
14476940
14477285
14477449
14477453
14477549
14477638
14477671
14477829
14478074
14478106
14478190
14478439
14478651
14478653
14478738
14478745
14478751
14478758
14478784
14478852
14478869
14479009
14479034
14479328
14479334
14479350
14479359
14479492
14479496
14479578
14479704
14479721
14479723
14479728
14479732
14479738
14479740
14479758
14479928
14479963
14479965
14479968
14479973
14480025
14480063
14480065
14480066
14480202
14480216
14480218
14480226
14480241
14480243
14480255
14480258
14480292
14480293
14480329
14480330
14480351
14480393
14480436
14480446
14480466
14480473
14480477
14480514
14480517
14480591
14480592
14480604
14480606
14480699
14480872
14480884
14480886
14480915
14480926
14481048
14481155
14481177
14481188
14481301
14481323
14481327
14481351
14481358
14481371
14481386
14481450
14481452
14481471
14481479
14481482
14481509
14481518
14481528
14481531
14481534
14481561
14481667
14481700
14481778
14481787
14481801
14481810
14481825
14482226
14482228
14482432
14482443
14482612
14482618
14482632
14482725
14482777
14482950
14482955
14482964
14482984
14483175
14483195
14483226
14483277
14483282
14483294
14483309
14483315
14483326
14483338
14483394
14483554
14483560
14483573
14483623
14483742
14483912
14483922
14484044
14484052
14484292
14484293
14484297
14484675
14484972
14485036
14485307
14485340
14485474
14485510
14485547
14485561
14485592
14485671
14485684
14485694
14485752
14485868
14485871
14485891
14485899
14485920
14485969
14485977
14485979
14485985
14485989
14486202
14486211
14486242
14486245
14486520
14486523
14486727
14487074
14487243
14487251
14487399
14487452
14487453
14487461
14487762
14487854
14487899
14488134
14488140
14488150
14488202
14488282
14488302
14488574
14488763
14488994
14489163
14489195
14489421
14489423
14489470
14489519
14489524
14489527
14489557
14489566
14489693
14489697
14489710
14489713
14489777
14489830
14489931
14489971
14490063
14490067
14490082
14490099
14490128
14490148
14490196
14490199
14490207
14490266
14490267
14490288
14490295
14490316
14490334
14490374
14490495
14490516
14490592
14490769
14490890
14490903
14491031
14491038
14491073
14491100
14491104
14491140
14491142
14491186
14491460
14491476
14491514
14491531
14491622
14491868
14491874
14491894
14491907
14491936
14492095
14492290
14492298
14492316
14492357
14492397
14492398
14492406
14492430
14492432
14492435
14492439
14492445
14492475
14492560
14492747
14492905
14493032
14493046
14493100
14493295
14493299
14493600
14493626
14493824
14493853
14493962
14493980
14493982
14494003
14494113
14494134
14494154
14494207
14494322
14494468
14494489
14494519
14494521
14494527
14494531
14494661
14494673
14494682
14494706
14494747
14494822
14494900
14494907
14494973
14495005
14495066
14495114
14495129
14495222
14495356
14495375
14495481
14495505
14495509
14495513
14495518
14495525
14495541
14495579
14495582
14495588
14495592
14495595
14495601
14495608
14495632
14495634
14495739
14495830
14495889
14495904
14496010
14496015
14496020
14496153
14496200
14496338
14496740
14496760
14496826
14496861
14496895
14496907
14496986
14497340
14497343
14497350
14497595
14497799
14497814
14497816
14497831
14498247
14498352
14498552
14498598
14498602
14498892
14498958
14498964
14499056
14499090
14499237
14499268
14499317
14499434
14499451
14499482
14499484
14499485
14499543
14499578
14499597
14499619
14499703
14499705
14499712
14499767
14499775
14499783
14499881
14499895
14499935
14499940
14499964
