13801842
13801845
13801860
13802840
13803584
13809076
13809088
13809090
13809093
13809260
13809522
13809532
13809924
13809933
13809938
13809983
13810045
13810254
13810272
13810326
13810370
13810421
13812143
13812397
13813696
13813697
13813704
13813716
13813939
13813950
13813988
13813997
13814148
13814176
13814188
13814498
13815076
13815193
13815206
13815212
13815219
13815336
13815341
13815356
13815402
13815410
13815473
13815516
13815523
13815526
13815567
13815569
13815571
13815574
13815575
13815578
13815580
13815582
13815593
13815595
13815596
13815599
13815600
13815604
13815609
13815615
13815619
13815621
13815622
13815638
13815641
13815644
13815645
13815647
13815649
13815652
13815654
13815655
13815657
13815658
13815659
13815660
13815664
13815665
13815672
13815674
13815678
13815682
13815711
13815712
13815718
13815720
13815724
13815725
13815757
13815762
13815777
13815871
13815879
13815882
13815884
13815885
13815889
13815892
13815898
13815925
13815927
13815934
13815936
13815941
13815950
13815951
13815952
13815964
13815969
13815970
13815977
13815993
13815994
13815997
13816003
13816014
13816022
13816025
13816028
13816030
13816032
13816044
13816047
13816055
13816067
13816071
13816075
13816077
13816078
13816081
13816085
13816094
13816102
13816103
13816110
13816114
13816130
13816139
13816189
13816193
13816199
13816202
13816217
13816250
13816264
13816512
13816525
13816584
13816603
13816618
13816855
13816888
13817028
13817282
13817290
13818764
13819404
13819438
13819465
13819559
13819661
13819669
13819733
13820570
13820576
13820940
13821043
13821045
13821133
13821379
13821407
13821449
13821492
13821679
13822175
13822775
13822947
13823005
13823106
13828440
13828887
13828888
13829005
13829259
13829329
13830370
13832515
13833898
13833903
13835118
13835128
13835130
13835351
13835602
13839293
13839908
13840159
13840701
13840952
13840964
13841328
13841344
13841927
13842061
13842197
13842198
13842203
13849053
13849925
13850347
13855313
13855397
13855619
13855775
13855968
13860275
13860281
13860351
13860392
13860460
13860764
13860956
13860995
13867565
13867574
13872986
13873237
13873257
13884552
13885156
13885194
13885207
13885263
13891619
13891626
13892249
13899856
13900492
13903735
13903767
13903987
13904085
13904137
13904188
13904965
13905259
13905736
13910909
13912733
13912923
13918454
13919476
13919494
13925894
13930556
13932372
13932388
13938478
13938535
13939386
13944557
13945110
13945225
13945429
13949091
13949110
13949112
13949118
13949181
13949182
13949224
13949245
13951622
13956767
13957417
13957442
13957525
13957530
13961091
13965599
13975882
13976014
13977863
13978023
13983291
13983292
13984273
13984512
13984566
13984628
13984660
13985117
13985134
13988134
13988432
13988477
13988482
13988568
13988591
13988607
13988643
13989459
13994119
13996236
13996633
13996717
14001101
14002856
14002935
14008831
14015443
14015509
14022332
14022345
14034141
14034161
14041769
14041770
14041778
14041858
14041881
14041995
14042117
14042292
14052987
14054050
14054051
14054063
14055454
14060704
14068050
14068060
14068340
14068592
14068653
14068717
14068886
14068891
14069338
14069339
14069347
14071424
14071449
14071942
14072102
14072584
14073775
14074126
14074130
14074132
14074154
14074165
14074949
14074963
14075094
14075101
14075102
14079715
14080006
14080007
14080578
14080580
14080582
14080583
14080584
14080585
14080586
14080589
14080591
14080592
14080593
14080596
14080598
14080600
14080603
14080605
14080607
14080611
14080615
14080616
14080617
14080618
14080621
14080622
14080627
14080629
14080630
14080632
14080636
14080638
14080643
14080644
14080645
14080650
14080665
14080666
14080671
14080676
14080677
14080678
14080680
14080682
14080688
14080698
14080728
14080736
14080737
14080746
14080761
14080763
14080767
14080773
14080782
14080789
14080808
14080811
14080817
14080826
14080837
14080844
14080855
14080862
14080873
14080913
14080944
14080962
14080974
14080989
14080995
14081010
14081019
14081034
14081044
14081049
14081072
14081133
14081169
14081238
14081247
14081266
14081364
14081415
14081467
14081515
14081560
14081573
14081609
14081643
14081738
14081742
14081746
14081769
14081824
14081827
14081836
14081912
14081950
14081955
14082040
14082051
14082122
14082181
14082277
14082317
14083457
14085572
14085640
14087118
14087160
14087162
14090222
14090933
14091518
14091521
14091528
14091538
14091542
14091554
14091612
14091710
14092127
14092197
14092951
14093374
14094036
14097637
14097734
14098237
14100793
14107295
14107300
14112616
14112623
14119758
14126703
14126716
14131404
14137466
14138721
14138729
14138791
14138866
14139568
14140267
14140584
14142761
14143400
14145150
14145158
14149516
14149550
14150452
14150477
14150831
14152387
14157029
14158543
14158555
14164465
14164593
14164772
14164778
14164785
14164790
14164927
14164933
14170768
14170771
14182710
14185274
14185416
14190179
14190193
14190217
14190250
14190300
14190335
14190347
14190382
14190424
14190503
14190518
14190531
14198351
14201243
14201291
14210124
14210133
14210434
14210443
14211038
14211044
14211251
14214466
14214470
14216597
14216599
14216600
14216785
14234018
14234053
14234879
14235510
14235527
14235539
14235568
14235573
14235653
14235655
14236646
14236674
14241534
14243114
14246358
14251959
14254737
14255735
14255762
14255799
14255809
14255906
14255938
14255954
14255988
14256028
14256700
14261264
14261517
14261537
14261553
14261569
14261580
14261662
14261838
14261848
14265493
14266198
14266227
14268835
14268846
14270741
14273114
14273119
14274797
14274944
14276054
14278102
14281149
14281150
14281597
14284556
14287481
14287519
14290670
14293880
14294309
14294311
14301154
14310392
14310449
14310587
14310600
14311231
14311261
14311283
14311733
14312278
14312876
14317660
14318231
14320464
14320749
14326006
14326044
14332131
14333050
14334454
14338885
14339048
14339088
14339094
14339191
14339203
14339207
14339209
14339234
14339258
14339275
14339279
14339300
14339567
14339573
14339663
14339675
14339713
14339720
14339733
14339739
14339995
14340242
14340246
14340295
14340371
14340939
14342598
14342599
14343002
14343020
14343058
14343064
14343074
14343080
14343349
14343866
14343870
14343919
14344743
14344767
14344933
14344936
14345158
14345163
14345170
14345212
14345350
14345375
14345383
14345395
14345403
14345412
14345430
14345500
14345505
14345535
14345541
14345550
14345551
14345553
14345554
14345555
14345556
14345558
14345561
14345563
14345566
14345571
14345573
14345581
14345595
14345597
14345601
14345606
14345608
14345609
14345613
14345615
14345625
14345631
14345640
14345643
14345653
14345668
14345676
14345682
14345687
14345698
14345702
14345720
14345728
14345732
14345737
14345739
14345743
14345752
14345755
14345756
14345760
14345764
14345767
14345773
14345779
14345783
14345789
14345795
14345799
14345807
14345823
14345829
14345832
14345833
14345835
14345856
14345857
14345859
14345862
14345863
14345866
14345868
14345872
14345878
14345897
14345904
14345910
14345914
14345954
14345965
14345972
14345975
14345985
14345996
14346032
14346044
14346047
14346054
14346074
14346083
14346099
14346261
14346268
14346287
14346326
14346333
14346337
14346351
14346353
14346354
14346356
14346358
14346370
14346373
14346376
14346381
14346383
14346387
14346408
14346414
14346420
14346500
14346513
14346547
14346594
14346758
14346818
14346939
14346945
14346953
14347028
14347209
14347258
14347336
14347339
14347342
14347831
14347839
14347867
14348042
14349140
14349141
14349934
14349942
14349950
14350313
14350503
14350524
14350542
14351404
14351436
14351440
14351446
14351718
14351726
14352334
14352342
14352362
14352369
14352375
14352401
14352773
14353465
14356074
14356728
14356775
14356973
14356980
14356984
14356989
14358445
14358455
14358587
14358630
14358656
14359132
14359156
14359195
14359234
14359314
14359527
14359781
14360977
14363729
14363924
14364050
14364060
14364159
14364192
14364194
14364252
14365220
14365227
14366276
14369625
14369646
14369707
14371921
14371923
14372204
14372499
14375873
14378563
14379316
14379343
14381950
14382426
14382610
14387384
14387522
14394000
14394020
14394036
14395292
14395728
14396204
14396538
14396717
14396769
14396810
14397018
14401413
14401582
14402349
14403778
14403936
14406394
14407687
14408135
14408454
14409568
14410115
14410285
14410289
14413602
14415902
14415912
14415962
14416004
14416014
14416274
14416355
14416356
14417047
14417286
14417309
14417655
14417659
14422857
14423785
14427416
14427420
14427428
14427430
14429534
14436000
14436008
14436012
14441960
14442688
14442713
14445872
14446266
14446352
14446560
14448109
14448613
14452024
14452840
14453611
14453616
14453620
14453638
14455155
14459251
14461461
14461467
14461650
14461749
14464574
14464898
14466932
14467478
14467672
14468441
14468442
14468625
14468782
14472114
14472626
14475119
14475127
14475131
14475132
14475140
14481351
14487275
14487441
14487490
14487565
14487615
14487669
14487930
14487938
14487941
14487944
14487948
14491000
14491935
14493353
14493970
14494761
14494765
14497724
14497746
14498768
14498770
14499942
