13916384
13916574
13916608
13916615
13916637
13916792
13916798
13920494
13921000
13922451
13922683
13922713
13922720
13922737
13923394
13923466
13923705
13923717
13924451
13925616
13925622
13926380
13926683
13926738
13928002
13928659
13928663
13928998
13929072
13929510
13929520
13931758
13931835
13931847
13931870
13931914
13932074
13932139
13932238
13932283
13932594
13932696
13932776
13932840
13932849
13933299
13933317
13933323
13933600
13933609
13933681
13938253
13938271
13938940
13942677
13942695
13946718
13949528
13949540
13949549
13949551
13951156
13951317
13951324
13951504
13952334
13952340
13953569
13953592
13953596
13954285
13956962
13957061
13959469
13960513
13961146
13961540
13961541
13961572
13962664
13964788
13965318
13965420
13965446
13965459
13965548
13968872
13969111
13970895
13971249
13971570
13971578
13971586
13971600
13971609
13971615
13971627
13971637
13971679
13971689
13971704
13971720
13971724
13971767
13971935
13971942
13972476
13972756
13972766
13972876
13972922
13972926
13973071
13973073
13973996
13974012
13974181
13974184
13974312
13974352
13974592
13974651
13974658
13974770
13975171
13975186
13975292
13975349
13976351
13977254
13980664
13980725
13980740
13980747
13980762
13980769
13981517
13984200
13984381
13984398
13984424
13984453
13984482
13984792
13989513
13991045
13991124
13992114
13992121
13999530
13999673
14000058
14000079
14000823
14000858
14002780
14003521
14003528
14003532
14003821
14003826
14005500
14005508
14005589
14005591
14005606
14005610
14006793
14006797
14006804
14006822
14006832
14007778
14007780
14008358
14008425
14008540
14009040
14009102
14009110
14010906
14011353
14011915
14011920
14012638
14012652
14012697
14015553
14016896
14021060
14021063
14021299
14021383
14022047
14023258
14023313
14023623
14025142
14026152
14027061
14027269
14028444
14028485
14028529
14029398
14029420
14029482
14030091
14031844
14031863
14031877
14032637
14032642
14032842
14033725
14034212
14034219
14034326
14035041
14035261
14040099
14040111
14040158
14042905
14043075
14043115
14043420
14047833
14047979
14048033
14048248
14048282
14048309
14048313
14049437
14049452
14055173
14056197
14056205
14058082
14058243
14058252
14058258
14058266
14058598
14058603
14059396
14059422
14059433
14061868
14061889
14063317
14065347
14065355
14065365
14065371
14065449
14065918
14066813
14066844
14066847
14067336
14067341
14068250
14068252
14069058
14069064
14069089
14069093
14069266
14069277
14069358
14069367
14069416
14069490
14069497
14069562
14069579
14069584
14069611
14069612
14069626
14070567
14070597
14072248
14072258
14074586
14076328
14076337
14077545
14077555
14079124
14079473
14079550
14079577
14079847
14079864
14079897
14080629
14080734
14084154
14084188
14085235
14085396
14085922
14086366
14086368
14087284
14087623
14087694
14089261
14089886
14090001
14090973
14091492
14092758
14092840
14092845
14094555
14094777
14094868
14097731
14097739
14097767
14099334
14099668
14099673
14099696
14099829
14100047
14101193
14101361
14103700
14103802
14103814
14103839
14103843
14103883
14104716
14104725
14106104
14106113
14109145
14112017
14112034
14112090
14112093
14113238
14113253
14113329
14114292
14114324
14115033
14115915
14116206
14116441
14116468
14116471
14116479
14116548
14117050
14117368
14117381
14117610
14117616
14118235
14119053
14119068
14119081
14119088
14119785
14119791
14119812
14119885
14121885
14121937
14124878
14124896
14124900
14124908
14127010
14127011
14128196
14133976
14134167
14134208
14135016
14135449
14135455
14139329
14139480
14139788
14139792
14142539
14142557
14144608
14145334
14145344
14145365
14145418
14145424
14145438
14145451
14145481
14146105
14146112
14146116
14146136
14146137
14146150
14146151
14146175
14146179
14146185
14146188
14146490
14146772
14146850
14146855
14146859
14147558
14148434
14148696
14148764
14148767
14148775
14150023
14150030
14152940
14152977
14153882
14153887
14153898
14153927
14153928
14153934
14153937
14153940
14153942
14156821
14156838
14156873
14158216
14158220
14159263
14159281
14159544
14159569
14162474
14162490
14162552
14162584
14162589
14163995
14165692
14165906
14165912
14166569
14166582
14167481
14168239
14168456
14168473
14168481
14168950
14169206
14169227
14169239
14170131
14170154
14170185
14171298
14174492
14174536
14174541
14176766
14177551
14177583
14180629
14180631
14181591
14181597
14181848
14182416
14182720
14187067
14188265
14188279
14188284
14188742
14189930
14189934
14190158
14191679
14191707
14191857
14191879
14192182
14192184
14192185
14196766
14196773
14199388
14199675
14200962
14200967
14200986
14200990
14201417
14201439
14201451
14202611
14202710
14202763
14202933
14204038
14204218
14204351
14204899
14207113
14207124
14207175
14207545
14210685
14210696
14214604
14216007
14217520
14217543
14217551
14217564
14219661
14219666
14222444
14222452
14224470
14224479
14224523
14224579
14224599
14224607
14226393
14226410
14226444
14226475
14226480
14226525
14238303
14240667
14241100
14241398
14241409
14241512
14244475
14244487
14244488
14244490
14245076
14245092
14245160
14245174
14245185
14247185
14247202
14247214
14247251
14247266
14247981
14249316
14249320
14249484
14249508
14249517
14249535
14251530
14251614
14251620
14258627
14258660
14259505
14259857
14263176
14263221
14264307
14264917
14272082
14272084
14272485
14272587
14273996
14275032
14280040
14280080
14280091
14282823
14283378
14285380
14285391
14285398
14285885
14286177
14286355
14289664
14292268
14292296
14292297
14292300
14299684
14299714
14299755
14299822
14299832
14299836
14299878
14299922
14299938
14301398
14301405
14301424
14301429
14301501
14301738
14301874
14301921
14303497
14303615
14303621
14303622
14303719
14303726
14303730
14303859
14303938
14306072
14306083
14306434
14306515
14307342
14307357
14307360
14311433
14311451
14311471
14311475
14311917
14317119
14317136
14317143
14317146
14317147
14317167
14317183
14317187
14317208
14317216
14317565
14317606
14317610
14317663
14317678
14317684
14317690
14318628
14318667
14319403
14320391
14320393
14320408
14325104
14326210
14326219
14326220
14326229
14326251
14326428
14326456
14326490
14326500
14327085
14327615
14327617
14327621
14327624
14327626
14327739
14327787
14327803
14329888
14331011
14331043
14331125
14332276
14332287
14332289
14332370
14333393
14333717
14335895
14336388
14337735
14338946
14339007
14339419
14343427
14343443
14343526
14344920
14344990
14345541
14348245
14348247
14350076
14350085
14350094
14352269
14355936
14356800
14357106
14358730
14358995
14359000
14359140
14359144
14359890
14359898
14363131
14363141
14363671
14363673
14365152
14365226
14365573
14365599
14365601
14366446
14366458
14366506
14367640
14369330
14369339
14369343
14369347
14369483
14369489
14370427
14371617
14371984
14372645
14372665
14372675
14372679
14372681
14373723
14377550
14377556
14379826
14379832
14381436
14381739
14381905
14381917
14382076
14382206
14382396
14382699
14382799
14382803
14382815
14382820
14382965
14383527
14383547
14383594
14384719
14384722
14386655
14387030
14389531
14389609
14392361
14393096
14394153
14394236
14397524
14397678
14397745
14400970
14400973
14401005
14402651
14402654
14403727
14403731
14403904
14403941
14405333
14405682
14405760
14406254
14406263
14406274
14406292
14406485
14406988
14406996
14407185
14407367
14407389
14407402
14407408
14409383
14410006
14410009
14410201
14410253
14411324
14413826
14413850
14413920
14414368
14414428
14414432
14414443
14414562
14415592
14415599
14416264
14416297
14416468
14416691
14416699
14417001
14417059
14417069
14417710
14417720
14417727
14417728
14417733
14419589
14421338
14421676
14423373
14423383
14425804
14428245
14428253
14428259
14428793
14429306
14429363
14429372
14430036
14430064
14431483
14432414
14432421
14432437
14432807
14432808
14433504
14433752
14433823
14433907
14436987
14436995
14438670
14440937
14440954
14440986
14442762
14442792
14443069
14445000
14445008
14445062
14445267
14446807
14449042
14450051
14452149
14453275
14455419
14455693
14455698
14455707
14455708
14455785
14455798
14455808
14455825
14457778
14458670
14458678
14458699
14458705
14458724
14458730
14458742
14458756
14459234
14459842
14459853
14459861
14460463
14460491
14460516
14460526
14460843
14460870
14461331
14461338
14462255
14462274
14462281
14462289
14462325
14462342
14462355
14462373
14462380
14462384
14462387
14462408
14462426
14462428
14462432
14462449
14462483
14462502
14462505
14462517
14462532
14462552
14462564
14462569
14462576
14462590
14463222
14463264
14463743
14463789
14464027
14464531
14464542
14464550
14464555
14464569
14464578
14464586
14464598
14464604
14464608
14464616
14464656
14464659
14464664
14465975
14466134
14468053
14468073
14468088
14468103
14468335
14468345
14468349
14468362
14468365
14468436
14468536
14468544
14468546
14468549
14468552
14468557
14468561
14468576
14468813
14468830
14471931
14471992
14472013
14476592
14476600
14477679
14477683
14478952
14479605
14484235
14484241
14484243
14486071
14486723
14487717
14487727
14489291
14490914
14490969
14492991
14498336
