14497264
14497267
14497270
14497272
14497276
14497279
14497280
14497282
14497288
14497290
14497291
14497294
14497295
14497297
14497300
14497302
14497304
14497305
14497308
14497313
14497314
14497315
14497317
14497320
14497323
14497324
14497327
14497328
14497329
14497331
14497332
14497335
14497337
14497340
14497343
14497345
14497348
14497349
14497351
14497355
14497363
14497364
14497368
14497369
14497371
14497381
14497382
14497383
14497384
14497385
14497389
14497391
14497394
14497397
14497398
14497399
14497401
14497403
14497407
14497409
14497415
14497416
14497420
14497432
14497434
14497436
14497437
14497440
14497445
14497446
14497449
14497462
14497464
14497465
14497466
14497468
14497470
14497471
14497478
14497480
14497485
14497486
14497490
14497491
14497492
14497497
14497499
14497500
14497506
14497509
14497515
14497516
14497518
14497523
14497531
14497533
14497534
14497535
14497537
14497538
14497543
14497544
14497545
14497546
14497548
14497549
14497550
14497552
14497557
14497560
14497561
14497562
14497563
14497564
14497565
14497566
14497575
14497576
14497581
14497587
14497592
14497594
14497602
14497606
14497607
14497608
14497609
14497610
14497614
14497624
14497627
14497628
14497632
14497633
14497634
14497637
14497638
14497641
14497645
14497647
14497649
14497651
14497652
14497654
14497657
14497661
14497663
14497664
14497675
14497681
14497682
14497694
14497696
14497701
14497708
14497709
14497711
14497721
14497724
14497729
14497732
14497734
14497739
14497740
14497743
14497745
14497746
14497750
14497754
14497756
14497758
14497761
14497762
14497767
14497768
14497770
14497773
14497777
14497778
14497781
14497782
14497784
14497785
14497788
14497790
14497793
14497795
14497796
14497799
14497801
14497802
14497805
14497806
14497809
14497811
14497812
14497813
14497814
14497815
14497818
14497821
14497831
14497833
14497838
14497839
14497842
14497848
14497859
14497862
14497877
14497885
14497893
14497894
14497895
14497900
14497902
14497903
14497904
14497905
14497908
14497915
14497918
14497925
14497929
14497930
14497934
14497935
14497937
14497943
14497945
14497947
14497953
14497955
14497958
14497959
14497962
14497963
14497966
14497969
14497971
14497972
14497973
14497976
14497979
14497981
14497983
14497987
14497988
14497989
14497990
14497992
14498000
14498001
14498005
14498009
14498010
14498017
14498020
14498022
14498029
14498034
14498035
14498043
14498044
14498048
14498050
14498051
14498053
14498055
14498058
14498067
14498071
14498073
14498075
14498077
14498081
14498082
14498084
14498085
14498089
14498092
14498093
14498098
14498104
14498105
14498110
14498112
14498113
14498114
14498124
14498126
14498127
14498128
14498133
14498140
14498144
14498145
14498149
14498152
14498153
14498154
14498157
14498159
14498161
14498168
14498174
14498178
14498179
14498180
14498183
14498184
14498185
14498188
14498189
14498193
14498194
14498196
14498204
14498208
14498211
14498213
14498219
14498235
14498239
14498240
14498242
14498243
14498247
14498253
14498254
14498256
14498260
14498262
14498269
14498270
14498271
14498274
14498276
14498281
14498289
14498290
14498291
14498295
14498296
14498298
14498302
14498309
14498310
14498311
14498312
14498313
14498320
14498329
14498330
14498331
14498334
14498339
14498340
14498343
14498348
14498351
14498352
14498355
14498356
14498362
14498365
14498367
14498370
14498373
14498383
14498385
14498386
14498387
14498391
14498392
14498393
14498394
14498395
14498396
14498397
14498398
14498402
14498403
14498404
14498406
14498407
14498408
14498409
14498411
14498412
14498413
14498415
14498419
14498420
14498422
14498423
14498424
14498426
14498427
14498430
14498431
14498434
14498435
14498438
14498441
14498442
14498445
14498447
14498448
14498453
14498454
14498462
14498464
14498466
14498470
14498471
14498473
14498476
14498477
14498480
14498481
14498484
14498485
14498489
14498490
14498491
14498494
14498495
14498496
14498499
14498501
14498503
14498504
14498505
14498507
14498509
14498510
14498513
14498517
14498518
14498520
14498523
14498528
14498529
14498532
14498536
14498539
14498544
14498545
14498546
14498549
14498550
14498551
14498552
14498556
14498558
14498562
14498567
14498571
14498573
14498576
14498577
14498578
14498579
14498583
14498585
14498587
14498588
14498591
14498599
14498600
14498602
14498605
14498606
14498608
14498609
14498615
14498616
14498619
14498630
14498631
14498635
14498638
14498641
14498643
14498644
14498645
14498647
14498648
14498649
14498653
14498657
14498661
14498663
14498664
14498665
14498668
14498672
14498673
14498676
14498678
14498679
14498680
14498681
14498682
14498684
14498685
14498696
14498697
14498698
14498699
14498703
14498706
14498709
14498715
14498716
14498717
14498722
14498723
14498726
14498728
14498733
14498735
14498740
14498748
14498749
14498750
14498751
14498752
14498754
14498763
14498764
14498767
14498769
14498771
14498773
14498779
14498782
14498784
14498787
14498792
14498797
14498799
14498801
14498805
14498806
14498809
14498814
14498815
14498819
14498821
14498822
14498823
14498825
14498833
14498838
14498841
14498844
14498849
14498851
14498855
14498859
14498861
14498862
14498867
14498868
14498871
14498874
14498876
14498880
14498881
14498882
14498883
14498889
14498892
14498893
14498901
14498903
14498907
14498912
14498919
14498922
14498927
14498930
14498932
14498939
14498943
14498945
14498947
14498949
14498951
14498952
14498955
14498956
14498958
14498964
14498970
14498971
14498974
14498975
14498976
14498977
14498978
14498979
14498982
14498985
14498992
14498994
14498995
14498997
14499001
14499004
14499010
14499011
14499012
14499013
14499018
14499035
14499038
14499039
14499043
14499048
14499053
14499058
14499064
14499066
14499068
14499070
14499073
14499075
14499078
14499081
14499082
14499083
14499084
14499088
14499089
14499098
14499100
14499102
14499105
14499108
14499114
14499116
14499117
14499120
14499124
14499125
14499126
14499127
14499131
14499133
14499134
14499137
14499139
14499143
14499144
14499145
14499146
14499151
14499154
14499158
14499160
14499161
14499163
14499171
14499172
14499173
14499174
14499175
14499183
14499187
14499197
14499200
14499201
14499202
14499209
14499210
14499212
14499214
14499219
14499220
14499223
14499224
14499228
14499229
14499231
14499236
14499237
14499245
14499248
14499250
14499255
14499259
14499261
14499262
14499264
14499265
14499266
14499267
14499268
14499269
14499270
14499273
14499276
14499278
14499279
14499282
14499283
14499284
14499285
14499287
14499291
14499295
14499296
14499297
14499300
14499302
14499308
14499312
14499313
14499314
14499320
14499326
14499330
14499331
14499336
14499338
14499339
14499342
14499347
14499348
14499350
14499351
14499352
14499354
14499357
14499361
14499362
14499363
14499364
14499366
14499372
14499373
14499378
14499381
14499383
14499384
14499386
14499389
14499390
14499391
14499392
14499396
14499398
14499404
14499405
14499406
14499409
14499411
14499413
14499415
14499416
14499418
14499419
14499421
14499422
14499425
14499426
14499428
14499429
14499430
14499434
14499435
14499437
14499439
14499443
14499444
14499450
14499451
14499453
14499454
14499455
14499458
14499460
14499461
14499462
14499464
14499467
14499469
14499472
14499473
14499474
14499478
14499479
14499480
14499482
14499484
14499485
14499487
14499491
14499497
14499498
14499500
14499502
14499504
14499506
14499509
14499510
14499512
14499513
14499515
14499516
14499520
14499524
14499525
14499527
14499529
14499530
14499531
14499532
14499536
14499542
14499543
14499547
14499548
14499551
14499552
14499553
14499555
14499559
14499560
14499562
14499564
14499565
14499574
14499580
14499581
14499585
14499591
14499593
14499596
14499597
14499598
14499600
14499601
14499605
14499607
14499613
14499614
14499617
14499628
14499632
14499633
14499636
14499637
14499640
14499644
14499653
14499654
14499655
14499656
14499658
14499661
14499666
14499667
14499669
14499676
14499678
14499681
14499682
14499687
14499690
14499693
14499694
14499695
14499696
14499698
14499700
14499703
14499704
14499707
14499710
14499712
14499714
14499716
14499724
14499726
14499727
14499728
14499730
14499731
14499733
14499735
14499737
14499743
14499745
14499751
14499752
14499753
14499754
14499756
14499758
14499759
14499760
14499764
14499767
14499768
14499769
14499771
14499772
14499775
14499777
14499785
14499788
14499790
14499791
14499792
14499794
14499798
14499804
14499807
14499809
14499810
14499813
14499817
14499818
14499819
14499831
14499832
14499834
14499835
14499840
14499842
14499843
14499846
14499848
14499850
14499852
14499853
14499854
14499862
14499863
14499864
14499865
14499868
14499869
14499870
14499872
14499880
14499883
14499893
14499894
14499896
14499898
14499899
14499900
14499903
14499904
14499905
14499909
14499911
14499912
14499913
14499917
14499918
14499924
14499925
14499927
14499930
14499934
14499935
14499939
14499940
14499941
14499944
14499946
14499948
14499951
14499955
14499956
14499957
14499958
14499962
14499963
14499964
14499974
14499975
14499977
14499978
14499979
14499980
14499984
14499991
14499992
14499993
14499995
14499996
14499997
14499998
