14487703
14487705
14487730
14487734
14487740
14487749
14487754
14487755
14487764
14487770
14487793
14487798
14487801
14487822
14487844
14487856
14487863
14487873
14487874
14487879
14487881
14487893
14487926
14487939
14487942
14487954
14487971
14487988
14488011
14488016
14488024
14488037
14488038
14488067
14488070
14488080
14488091
14488096
14488100
14488108
14488116
14488118
14488124
14488127
14488128
14488130
14488132
14488133
14488134
14488136
14488145
14488172
14488204
14488205
14488214
14488218
14488219
14488222
14488237
14488255
14488274
14488284
14488290
14488321
14488330
14488334
14488338
14488349
14488353
14488360
14488364
14488366
14488371
14488382
14488392
14488399
14488435
14488479
14488480
14488483
14488484
14488492
14488496
14488504
14488512
14488524
14488530
14488532
14488550
14488624
14488651
14488688
14488704
14488755
14488764
14488769
14488770
14488776
14488782
14488808
14488831
14488836
14488856
14488882
14488893
14488912
14488916
14488920
14488930
14488944
14488958
14488960
14488977
14489023
14489075
14489080
14489152
14489165
14489176
14489206
14489208
14489210
14489211
14489242
14489244
14489246
14489248
14489249
14489262
14489291
14489293
14489298
14489305
14489312
14489328
14489427
14489432
14489438
14489462
14489581
14489607
14489613
14489619
14489633
14489659
14489685
14489688
14489692
14489707
14489781
14489798
14489818
14489823
14489826
14489848
14489857
14489862
14489864
14489866
14489889
14489898
14489902
14489911
14489923
14489925
14489926
14489933
14489959
14489964
14490032
14490036
14490039
14490047
14490075
14490077
14490087
14490111
14490133
14490137
14490141
14490215
14490221
14490222
14490226
14490266
14490267
14490269
14490288
14490290
14490310
14490315
14490322
14490323
14490328
14490333
14490351
14490353
14490363
14490364
14490377
14490391
14490395
14490397
14490405
14490423
14490429
14490432
14490487
14490516
14490531
14490534
14490581
14490625
14490630
14490632
14490656
14490682
14490725
14490742
14490766
14490767
14490789
14490823
14490824
14490827
14490828
14490830
14490866
14490870
14490872
14490874
14490884
14490889
14490919
14490936
14490950
14490951
14490954
14490964
14490969
14490987
14490994
14490996
14491002
14491018
14491023
14491042
14491053
14491073
14491076
14491088
14491099
14491100
14491103
14491104
14491115
14491119
14491153
14491162
14491164
14491165
14491169
14491187
14491204
14491209
14491216
14491218
14491235
14491239
14491242
14491244
14491258
14491259
14491267
14491271
14491284
14491289
14491290
14491293
14491298
14491309
14491336
14491338
14491351
14491352
14491354
14491355
14491363
14491365
14491425
14491438
14491444
14491460
14491464
14491513
14491518
14491519
14491521
14491540
14491542
14491561
14491588
14491590
14491607
14491614
14491649
14491650
14491654
14491660
14491691
14491697
14491700
14491722
14491724
14491761
14491763
14491798
14491800
14491801
14491810
14491811
14491823
14491881
14491886
14491900
14491908
14491915
14491938
14491949
14491968
14491975
14491979
14491982
14491984
14492016
14492040
14492042
14492046
14492124
14492129
14492150
14492151
14492154
14492167
14492183
14492200
14492214
14492228
14492246
14492268
14492310
14492373
14492379
14492437
14492460
14492473
14492522
14492541
14492591
14492611
14492613
14492618
14492619
14492642
14492663
14492667
14492738
14492747
14492772
14492773
14492776
14492783
14492793
14492795
14492801
14492870
14492879
14492928
14492960
14492994
14492999
14493019
14493025
14493035
14493067
14493068
14493071
14493080
14493081
14493084
14493094
14493102
14493108
14493110
14493112
14493128
14493154
14493159
14493171
14493177
14493192
14493193
14493212
14493234
14493259
14493287
14493309
14493310
14493320
14493382
14493388
14493394
14493400
14493410
14493419
14493422
14493428
14493464
14493472
14493478
14493530
14493565
14493590
14493601
14493603
14493623
14493645
14493650
14493663
14493673
14493677
14493683
14493688
14493698
14493703
14493735
14493749
14493754
14493758
14493763
14493764
14493765
14493775
14493780
14493872
14493884
14493900
14493925
14493927
14493931
14493964
14493965
14493990
14494032
14494042
14494064
14494069
14494093
14494129
14494130
14494131
14494183
14494184
14494204
14494238
14494240
14494241
14494253
14494273
14494281
14494287
14494297
14494309
14494318
14494331
14494335
14494354
14494357
14494360
14494364
14494365
14494370
14494371
14494374
14494375
14494377
14494378
14494379
14494380
14494383
14494385
14494390
14494398
14494403
14494409
14494422
14494423
14494427
14494434
14494446
14494454
14494472
14494473
14494502
14494503
14494513
14494530
14494543
14494547
14494553
14494557
14494559
14494576
14494579
14494585
14494601
14494608
14494619
14494628
14494629
14494633
14494640
14494644
14494646
14494695
14494696
14494700
14494730
14494804
14494816
14494836
14494837
14494864
14494866
14494881
14494885
14494894
14494907
14494915
14494922
14494941
14494959
14494960
14494968
14494975
14494984
14494989
14494993
14494997
14495004
14495010
14495015
14495022
14495026
14495036
14495037
14495038
14495042
14495045
14495046
14495047
14495067
14495080
14495091
14495117
14495119
14495120
14495150
14495182
14495193
14495200
14495201
14495208
14495209
14495215
14495216
14495223
14495225
14495232
14495256
14495260
14495279
14495292
14495301
14495303
14495319
14495322
14495323
14495325
14495336
14495345
14495363
14495459
14495471
14495475
14495555
14495579
14495593
14495606
14495616
14495621
14495626
14495647
14495666
14495667
14495668
14495669
14495670
14495671
14495674
14495675
14495686
14495689
14495692
14495697
14495698
14495737
14495783
14495789
14495793
14495794
14495795
14495807
14495808
14495810
14495819
14495822
14495852
14495866
14495880
14495882
14495900
14495921
14495922
14495923
14495936
14495941
14495983
14495999
14496002
14496009
14496012
14496014
14496016
14496035
14496037
14496046
14496047
14496049
14496050
14496052
14496055
14496057
14496058
14496060
14496066
14496071
14496073
14496082
14496086
14496091
14496145
14496161
14496162
14496164
14496165
14496170
14496171
14496174
14496176
14496177
14496181
14496182
14496185
14496186
14496206
14496209
14496213
14496214
14496217
14496225
14496229
14496250
14496258
14496270
14496272
14496284
14496303
14496304
14496333
14496335
14496352
14496370
14496383
14496402
14496449
14496450
14496453
14496461
14496473
14496475
14496507
14496537
14496553
14496556
14496568
14496574
14496577
14496594
14496603
14496627
14496630
14496652
14496656
14496658
14496666
14496670
14496673
14496684
14496694
14496734
14496760
14496767
14496769
14496815
14496816
14496829
14496832
14496838
14496839
14496860
14496863
14496882
14496884
14496888
14496896
14496923
14496937
14496947
14496963
14497018
14497030
14497054
14497067
14497078
14497080
14497082
14497095
14497096
14497098
14497105
14497106
14497110
14497115
14497116
14497127
14497142
14497156
14497165
14497172
14497176
14497201
14497207
14497213
14497214
14497215
14497217
14497218
14497225
14497235
14497243
14497246
14497248
14497260
14497273
14497286
14497291
14497309
14497320
14497321
14497329
14497332
14497335
14497336
14497340
14497341
14497344
14497345
14497375
14497382
14497392
14497413
14497414
14497434
14497464
14497489
14497494
14497506
14497512
14497567
14497589
14497591
14497600
14497607
14497616
14497618
14497626
14497627
14497630
14497639
14497644
14497645
14497648
14497649
14497663
14497672
14497674
14497680
14497681
14497688
14497691
14497698
14497701
14497709
14497713
14497714
14497715
14497721
14497724
14497729
14497730
14497731
14497733
14497750
14497752
14497755
14497758
14497767
14497770
14497775
14497777
14497780
14497782
14497783
14497784
14497794
14497801
14497806
14497812
14497815
14497818
14497820
14497823
14497824
14497825
14497829
14497830
14497831
14497849
14497892
14497904
14497905
14497913
14497919
14497920
14497926
14497929
14497935
14497936
14497937
14497938
14497947
14497952
14497953
14497955
14497956
14497957
14497959
14497965
14497967
14497969
14497974
14497981
14497983
14497987
14497989
14497998
14498016
14498042
14498048
14498050
14498051
14498053
14498055
14498059
14498062
14498067
14498075
14498082
14498092
14498126
14498129
14498140
14498161
14498173
14498196
14498240
14498284
14498291
14498311
14498313
14498386
14498395
14498462
14498463
14498491
14498496
14498499
14498503
14498526
14498555
14498584
14498586
14498587
14498591
14498612
14498626
14498628
14498670
14498696
14498725
14498730
14498741
14498744
14498748
14498753
14498754
14498756
14498757
14498758
14498773
14498787
14498803
14498821
14498830
14498842
14498861
14498865
14498871
14498874
14498877
14498882
14498892
14498915
14498928
14498931
14498975
14499041
14499056
14499060
14499068
14499101
14499112
14499123
14499143
14499148
14499158
14499163
14499166
14499176
14499181
14499183
14499188
14499210
14499230
14499243
14499249
14499322
14499366
14499383
14499386
14499410
14499416
14499428
14499448
14499475
14499481
14499483
14499592
14499596
14499597
14499603
14499610
14499713
14499719
14499733
14499737
14499904
14499911
14499932
