14339840
14339851
14339948
14339950
14340104
14340113
14340119
14340196
14340206
14340298
14340342
14340374
14340706
14340713
14340903
14340913
14340915
14340978
14341052
14341058
14341061
14341110
14341121
14341313
14341550
14341642
14341805
14341936
14342097
14342138
14342198
14342203
14342219
14342235
14342248
14342333
14342582
14342857
14343298
14343353
14343749
14343861
14343882
14344014
14344291
14344615
14344761
14345194
14345372
14345375
14345633
14345682
14345784
14345954
14346324
14346331
14346369
14346489
14346739
14346793
14346841
14346947
14347108
14347319
14347352
14347353
14347590
14347597
14347628
14347687
14347699
14347731
14347854
14347882
14347997
14348061
14348073
14348128
14348553
14348677
14349122
14349224
14349333
14349361
14349450
14349632
14349637
14349886
14350262
14350526
14350536
14350592
14351541
14351853
14352085
14352458
14352585
14352719
14352752
14352863
14352930
14353097
14353200
14353353
14353362
14353698
14353928
14354065
14354130
14354379
14354583
14354759
14354785
14354857
14355446
14355666
14356151
14356207
14356232
14356489
14356493
14356611
14356648
14356731
14356760
14356763
14356789
14356845
14356860
14356863
14357109
14357112
14357133
14357430
14357796
14358438
14358502
14358737
14358842
14358868
14358882
14358898
14359047
14359085
14359668
14359683
14359820
14359838
14359983
14360931
14361122
14361170
14361489
14361731
14361983
14362032
14362098
14362116
14362256
14362442
14362456
14362467
14362509
14362604
14362686
14363341
14363379
14363382
14363648
14363670
14363830
14363894
14363954
14364038
14364104
14364180
14364700
14364942
14365037
14365309
14365478
14365490
14365774
14365889
14366159
14366161
14366341
14366421
14366479
14366566
14366654
14367078
14367243
14367284
14367288
14367298
14367317
14367339
14367351
14367421
14367422
14367479
14367529
14367564
14367746
14367982
14368072
14368083
14368094
14368518
14368526
14369095
14369221
14369806
14369862
14369867
14369897
14370008
14370048
14370234
14370245
14370455
14370459
14370479
14371255
14371288
14372007
14372290
14372811
14373032
14373065
14373295
14373325
14373428
14373958
14373963
14373968
14374169
14374544
14374665
14374744
14374754
14374929
14375187
14375189
14375652
14375991
14376038
14376267
14376819
14376917
14376980
14377134
14377195
14377425
14378220
14378484
14378596
14378661
14378795
14379116
14379277
14380525
14380681
14380740
14380953
14381024
14381331
14381336
14381376
14381396
14381486
14381490
14381491
14381497
14381499
14381503
14381514
14381896
14382163
14382340
14382346
14383464
14384219
14384334
14384502
14384513
14384994
14385040
14385752
14385805
14385858
14385880
14385902
14385980
14385989
14386001
14386181
14386389
14386402
14386435
14386848
14387046
14387082
14387160
14387680
14387717
14387729
14388171
14388181
14388246
14388500
14388530
14388624
14388875
14388882
14388883
14389042
14389195
14389288
14389433
14390274
14390498
14390536
14390539
14390649
14390721
14390733
14390743
14390751
14390833
14391000
14391189
14391217
14391283
14391401
14391419
14391558
14391597
14392055
14392099
14393580
14393837
14393893
14393902
14393913
14394016
14394021
14394052
14394123
14394247
14394256
14394497
14394694
14394971
14395019
14395319
14395330
14395386
14395494
14395570
14396141
14396213
14396928
14397010
14397545
14397552
14397647
14397754
14398115
14399207
14399824
14401081
14401100
14401378
14401379
14401413
14401422
14401438
14401802
14401961
14401998
14402165
14402383
14402418
14402527
14402721
14402801
14403022
14403275
14403277
14403316
14403733
14403833
14403838
14403883
14403971
14404166
14404764
14405207
14405680
14405773
14406177
14406385
14406387
14406641
14406647
14406882
14406886
14406902
14406907
14406918
14406951
14406961
14406963
14406992
14407281
14407315
14407449
14407542
14408002
14408019
14408063
14408104
14408108
14408247
14408553
14408561
14408684
14409079
14409183
14409494
14410096
14410204
14410381
14410389
14410734
14410962
14410991
14411668
14411689
14411713
14412003
14412102
14412221
14412669
14412833
14412859
14412927
14412929
14412930
14413019
14413186
14413192
14413302
14413791
14414226
14414406
14414539
14414541
14414563
14414564
14414688
14414789
14415568
14415617
14415911
14415941
14416281
14416372
14416678
14416765
14417075
14417114
14417201
14417298
14418563
14418581
14418653
14418842
14419025
14419115
14419455
14419750
14419754
14419784
14419880
14419896
14419992
14420065
14420498
14420545
14420668
14420924
14421025
14421300
14421463
14421465
14421621
14421634
14421692
14422135
14422549
14423008
14423427
14423744
14423865
14424007
14424095
14424159
14424161
14424394
14424480
14424522
14424663
14424893
14425086
14425426
14425525
14425643
14425714
14425866
14425973
14426279
14426438
14426443
14426444
14426445
14426575
14426637
14426678
14426709
14426742
14426753
14426766
14426836
14426847
14426850
14426860
14427151
14427195
14427247
14427274
14427369
14427398
14427828
14427850
14427937
14428094
14428134
14428143
14428153
14428268
14429061
14429160
14429394
14429433
14429612
14429729
14429744
14429942
14429955
14430037
14430056
14430270
14431494
14432066
14432225
14432228
14432518
14432530
14432544
14432586
14432635
14432715
14432718
14432863
14433209
14433693
14434471
14434592
14434709
14434753
14435430
14436011
14436082
14436349
14436457
14436466
14436468
14436567
14436570
14436611
14436710
14437014
14437220
14437221
14437737
14438156
14438298
14438632
14439026
14439066
14439584
14439626
14439725
14439878
14439896
14440059
14440068
14440097
14440121
14440536
14440766
14440883
14441305
14441638
14441650
14442113
14442364
14442553
14442660
14443287
14443288
14443289
14443598
14443806
14443810
14443915
14443918
14444073
14444103
14444104
14444122
14444195
14444246
14444264
14444295
14444306
14444312
14444323
14444371
14444378
14444388
14444401
14444412
14444423
14444487
14444523
14444531
14444537
14444565
14444566
14444653
14444851
14444855
14445296
14445391
14445427
14445462
14445465
14445469
14445476
14445714
14445720
14445745
14445752
14446213
14446318
14446604
14447774
14447785
14447788
14447796
14447798
14447803
14447809
14448324
14448515
14448796
14448991
14449032
14449083
14449195
14449459
14449805
14450361
14450456
14450458
14450463
14450496
14450548
14450741
14450827
14450856
14450864
14451570
14451963
14452013
14452024
14452035
14452082
14452357
14452968
14453019
14453040
14453046
14453055
14453173
14453208
14453212
14453248
14453483
14453523
14453624
14453644
14453652
14453779
14454477
14454851
14455036
14455209
14455339
14455357
14455404
14455756
14455895
14456113
14456290
14457206
14457756
14457803
14457845
14457930
14457935
14458031
14458208
14458424
14458576
14458590
14458819
14458915
14458970
14458991
14459111
14459223
14459224
14459257
14459258
14459339
14459436
14459498
14459550
14459609
14459636
14459705
14459737
14459740
14460264
14461113
14461173
14461242
14461482
14461505
14461591
14461832
14461978
14462119
14462123
14462276
14462454
14462526
14462649
14462807
14462823
14462839
14462948
14462964
14463059
14463086
14463217
14463492
14463591
14463669
14463743
14463749
14463829
14463831
14464239
14464268
14464325
14464342
14464378
14464811
14464994
14465165
14465242
14465253
14465279
14465358
14465528
14465640
14465663
14465716
14465868
14465941
14467099
14467143
14467286
14467478
14467543
14467558
14467625
14467751
14467870
14467895
14467995
14468039
14468127
14468341
14468374
14468519
14468574
14468663
14468715
14468781
14469018
14469201
14469951
14469991
14470151
14470353
14470363
14470741
14470877
14470911
14471480
14471506
14471642
14471658
14471663
14471691
14471744
14471886
14471966
14472056
14472065
14472071
14472161
14472192
14472368
14472483
14472496
14472780
14473418
14473537
14473566
14474002
14474015
14474042
14474090
14474197
14474347
14474386
14474627
14474721
14475274
14475279
14475291
14475309
14475548
14475557
14475562
14475569
14476429
14476493
14476970
14476972
14476994
14477310
14477397
14477407
14478096
14478103
14478316
14478808
14478818
14478852
14478900
14479102
14479112
14479128
14479136
14479357
14479358
14479414
14479976
14480501
14480667
14481019
14481029
14481303
14481307
14481351
14481413
14481571
14481797
14481925
14482099
14482293
14482568
14482714
14483035
14483199
14483244
14483409
14483861
14484386
14484395
14484466
14484482
14484490
14484515
14484770
14484771
14484884
14485063
14485199
14485521
14485532
14485820
14485984
14486000
14486058
14486078
14486493
14486676
14486679
14487176
14487247
14487357
14487400
14487402
14487520
14487615
14487893
14488300
14488351
14488376
14488469
14488537
14488642
14488780
14488798
14488815
14488854
14488870
14489136
14489931
14490253
14490272
14490274
14490451
14490723
14490757
14490804
14490957
14491246
14491285
14491294
14491564
14491672
14491708
14491802
14491822
14492200
14492252
14492307
14492493
14492622
14492810
14492824
14493208
14493789
14493887
14493994
14494130
14494413
14494782
14494810
14494814
14495674
14495804
14495807
14496469
14496510
14497812
14498113
14498145
14498431
