14478774
14478778
14478822
14478855
14478865
14478868
14478988
14479029
14479102
14479120
14479121
14479235
14479291
14479293
14479337
14479411
14479434
14479440
14479445
14479447
14479452
14479453
14479471
14479511
14479518
14479534
14479541
14479545
14479598
14479603
14479606
14479610
14479614
14479618
14479632
14479638
14479642
14479662
14479667
14479760
14479764
14479769
14479775
14479811
14479823
14479824
14479834
14479847
14479891
14479899
14479960
14479980
14479987
14479993
14479998
14480003
14480004
14480009
14480016
14480024
14480038
14480043
14480052
14480054
14480109
14480136
14480149
14480191
14480196
14480199
14480218
14480219
14480229
14480232
14480233
14480249
14480257
14480262
14480268
14480269
14480272
14480291
14480296
14480313
14480321
14480331
14480340
14480371
14480448
14480468
14480474
14480486
14480531
14480547
14480550
14480554
14480592
14480600
14480660
14480682
14480689
14480729
14480749
14480751
14480767
14480797
14480802
14480806
14480810
14480837
14480861
14480899
14480900
14480903
14480906
14480908
14480909
14480963
14480981
14481001
14481006
14481049
14481057
14481060
14481104
14481145
14481150
14481163
14481171
14481202
14481338
14481363
14481392
14481414
14481418
14481423
14481442
14481445
14481446
14481457
14481461
14481528
14481536
14481569
14481593
14481643
14481671
14481745
14481754
14481791
14481820
14481837
14481851
14481915
14481978
14481979
14481984
14481993
14482065
14482108
14482113
14482116
14482117
14482119
14482132
14482140
14482145
14482168
14482189
14482218
14482222
14482223
14482228
14482247
14482270
14482285
14482300
14482308
14482320
14482401
14482405
14482421
14482422
14482424
14482427
14482436
14482479
14482485
14482494
14482504
14482509
14482510
14482555
14482567
14482578
14482579
14482583
14482586
14482590
14482609
14482621
14482657
14482888
14482909
14482939
14482959
14482982
14483012
14483050
14483054
14483072
14483092
14483094
14483102
14483108
14483115
14483120
14483127
14483135
14483145
14483146
14483153
14483156
14483176
14483182
14483184
14483195
14483234
14483314
14483373
14483379
14483382
14483385
14483389
14483393
14483439
14483548
14483598
14483605
14483607
14483692
14483696
14483698
14483700
14483701
14483712
14483720
14483722
14483726
14483752
14483772
14483780
14483791
14483805
14483836
14483837
14483848
14483867
14483877
14483880
14483890
14483897
14483906
14483911
14483920
14483936
14483991
14484025
14484029
14484044
14484046
14484048
14484055
14484057
14484062
14484066
14484087
14484148
14484173
14484205
14484256
14484262
14484273
14484292
14484324
14484342
14484356
14484391
14484401
14484418
14484428
14484432
14484448
14484493
14484508
14484524
14484542
14484552
14484648
14484659
14484676
14484694
14484698
14484699
14484708
14484713
14484719
14484737
14484760
14484770
14484771
14484783
14484784
14484828
14484841
14484849
14484859
14484915
14484951
14484958
14484982
14484992
14484995
14485101
14485107
14485160
14485166
14485171
14485176
14485305
14485350
14485356
14485373
14485395
14485398
14485438
14485439
14485448
14485459
14485461
14485545
14485552
14485579
14485590
14485634
14485662
14485676
14485693
14485694
14485710
14485722
14485727
14485777
14485788
14485792
14485826
14485831
14485833
14485835
14485836
14485837
14485840
14485855
14485857
14485863
14485992
14486008
14486036
14486082
14486086
14486093
14486144
14486148
14486150
14486238
14486251
14486255
14486289
14486296
14486297
14486298
14486369
14486387
14486391
14486439
14486443
14486550
14486580
14486617
14486620
14486675
14486722
14486732
14486741
14486742
14486755
14486756
14486772
14486779
14486787
14486800
14486828
14486835
14486838
14486839
14486840
14486904
14486947
14487016
14487035
14487037
14487060
14487067
14487095
14487113
14487132
14487149
14487151
14487316
14487323
14487325
14487331
14487338
14487339
14487450
14487453
14487461
14487529
14487533
14487571
14487702
14487789
14487799
14487804
14487833
14487843
14487844
14487864
14487868
14487881
14487884
14487939
14487981
14487996
14488028
14488041
14488053
14488065
14488092
14488100
14488122
14488127
14488250
14488280
14488286
14488291
14488298
14488345
14488354
14488360
14488364
14488367
14488389
14488420
14488455
14488468
14488580
14488582
14488605
14488609
14488620
14488625
14488653
14488732
14488832
14488856
14488868
14488900
14488904
14488935
14488942
14488951
14488952
14488955
14488956
14488959
14488966
14488976
14488996
14488998
14489008
14489021
14489023
14489034
14489042
14489065
14489075
14489121
14489165
14489180
14489184
14489190
14489206
14489212
14489214
14489217
14489249
14489289
14489295
14489297
14489301
14489302
14489308
14489309
14489311
14489320
14489426
14489429
14489550
14489551
14489610
14489624
14489804
14489824
14489842
14489933
14489935
14489951
14489978
14489988
14489990
14490020
14490027
14490035
14490040
14490042
14490043
14490048
14490050
14490067
14490068
14490083
14490089
14490123
14490129
14490164
14490193
14490265
14490284
14490286
14490288
14490292
14490341
14490363
14490407
14490443
14490446
14490474
14490479
14490499
14490515
14490572
14490605
14490639
14490642
14490663
14490674
14490691
14490708
14490713
14490784
14490789
14490797
14490801
14490806
14490807
14490812
14490814
14490842
14490863
14490873
14490881
14490889
14490898
14490903
14490904
14490910
14490950
14490961
14490984
14491027
14491046
14491059
14491083
14491085
14491095
14491125
14491129
14491154
14491165
14491169
14491188
14491218
14491245
14491249
14491258
14491271
14491293
14491297
14491306
14491310
14491316
14491346
14491348
14491352
14491367
14491371
14491376
14491389
14491397
14491425
14491428
14491430
14491443
14491444
14491452
14491472
14491476
14491489
14491492
14491511
14491522
14491534
14491537
14491542
14491547
14491552
14491577
14491581
14491605
14491622
14491623
14491627
14491631
14491660
14491684
14491689
14491690
14491697
14491705
14491706
14491707
14491708
14491748
14491761
14491769
14491816
14491873
14491876
14491879
14491895
14491936
14491943
14491948
14491954
14492009
14492040
14492051
14492055
14492059
14492065
14492069
14492076
14492084
14492118
14492123
14492126
14492128
14492183
14492209
14492214
14492289
14492332
14492336
14492343
14492348
14492381
14492461
14492525
14492600
14492613
14492848
14492868
14492902
14492917
14492928
14492943
14493009
14493024
14493037
14493038
14493042
14493054
14493203
14493206
14493220
14493325
14493426
14493429
14493442
14493443
14493462
14493463
14493478
14493516
14493532
14493552
14493586
14493611
14493658
14493663
14493667
14493675
14493679
14493689
14493691
14493699
14493724
14493741
14493769
14493792
14493855
14493860
14493965
14493968
14493980
14494020
14494062
14494079
14494159
14494180
14494181
14494195
14494200
14494247
14494248
14494263
14494343
14494348
14494350
14494367
14494375
14494377
14494383
14494387
14494388
14494392
14494393
14494394
14494400
14494413
14494420
14494428
14494429
14494431
14494436
14494437
14494441
14494442
14494444
14494447
14494462
14494466
14494469
14494479
14494489
14494490
14494495
14494501
14494507
14494515
14494565
14494597
14494608
14494667
14494673
14494765
14494837
14494852
14494935
14494938
14494947
14495027
14495035
14495051
14495053
14495056
14495058
14495061
14495065
14495066
14495070
14495083
14495091
14495117
14495132
14495135
14495137
14495151
14495171
14495176
14495188
14495192
14495193
14495203
14495217
14495226
14495230
14495234
14495257
14495273
14495310
14495314
14495328
14495374
14495381
14495393
14495407
14495409
14495412
14495419
14495474
14495496
14495499
14495511
14495529
14495546
14495598
14495605
14495619
14495630
14495659
14495665
14495674
14495701
14495711
14495718
14495720
14495727
14495729
14495795
14495800
14495827
14495845
14495909
14495920
14495935
14495941
14495965
14495968
14495986
14495990
14495994
14495999
14496007
14496011
14496014
14496019
14496020
14496021
14496044
14496076
14496176
14496283
14496292
14496303
14496306
14496309
14496314
14496320
14496324
14496326
14496328
14496365
14496427
14496626
14496666
14496720
14496871
14496878
14496885
14496945
14496965
14496975
14496977
14496981
14496983
14497005
14497061
14497063
14497083
14497099
14497121
14497127
14497213
14497215
14497240
14497382
14497535
14497540
14497543
14497550
14497551
14497552
14497561
14497586
14497587
14497594
14497617
14497630
14497639
14497647
14497651
14497655
14497657
14497668
14497670
14497673
14497687
14497743
14497819
14497821
14497833
14497886
14497909
14497911
14497915
14497923
14497935
14497958
14498009
14498022
14498092
14498109
14498120
14498135
14498143
14498216
14498238
14498325
14498352
14498362
14498366
14498376
14498407
14498436
14498494
14498605
14498653
14498672
14498708
14498730
14498754
14498758
14498766
14498774
14498857
14498861
14498862
14498874
14498979
14498986
14498995
14499114
14499132
14499147
14499284
14499378
14499480
14499497
14499523
14499585
14499594
14499663
14499673
14499766
14499777
14499785
14499790
14499795
14499801
14499819
14499823
14499841
14499863
14499865
14499872
14499894
14499973
14499996
