14494510
14494513
14494516
14494520
14494526
14494527
14494528
14494548
14494552
14494558
14494563
14494565
14494568
14494569
14494571
14494573
14494581
14494595
14494619
14494621
14494622
14494631
14494642
14494648
14494656
14494659
14494660
14494670
14494674
14494687
14494688
14494698
14494701
14494703
14494714
14494735
14494750
14494752
14494756
14494760
14494761
14494762
14494767
14494771
14494772
14494777
14494791
14494801
14494803
14494810
14494814
14494819
14494822
14494829
14494836
14494837
14494839
14494843
14494848
14494849
14494850
14494851
14494852
14494853
14494861
14494866
14494870
14494871
14494876
14494878
14494880
14494882
14494885
14494886
14494891
14494906
14494907
14494908
14494912
14494913
14494917
14494923
14494925
14494928
14494962
14494965
14494969
14494973
14494986
14494987
14494991
14494992
14494993
14494998
14494999
14495007
14495011
14495013
14495016
14495019
14495027
14495034
14495038
14495041
14495042
14495045
14495061
14495069
14495071
14495075
14495076
14495094
14495104
14495117
14495124
14495129
14495142
14495145
14495148
14495154
14495158
14495169
14495175
14495177
14495186
14495188
14495193
14495195
14495199
14495203
14495209
14495220
14495226
14495232
14495233
14495235
14495249
14495252
14495256
14495257
14495281
14495289
14495298
14495318
14495336
14495339
14495346
14495349
14495380
14495382
14495384
14495388
14495392
14495404
14495405
14495419
14495426
14495431
14495433
14495434
14495439
14495443
14495456
14495461
14495467
14495472
14495476
14495488
14495492
14495493
14495503
14495505
14495507
14495513
14495517
14495522
14495535
14495539
14495548
14495555
14495557
14495558
14495567
14495570
14495576
14495577
14495579
14495582
14495585
14495588
14495590
14495596
14495603
14495605
14495606
14495621
14495628
14495629
14495633
14495634
14495638
14495654
14495660
14495663
14495669
14495672
14495675
14495677
14495684
14495689
14495691
14495692
14495695
14495701
14495709
14495710
14495711
14495714
14495715
14495716
14495719
14495729
14495730
14495742
14495743
14495745
14495749
14495757
14495761
14495767
14495770
14495771
14495774
14495776
14495778
14495781
14495784
14495799
14495805
14495810
14495815
14495819
14495822
14495824
14495827
14495830
14495831
14495837
14495839
14495841
14495843
14495851
14495859
14495860
14495866
14495869
14495872
14495873
14495879
14495885
14495889
14495900
14495908
14495917
14495921
14495926
14495935
14495947
14495952
14495961
14495963
14495966
14495973
14495979
14495983
14495996
14496015
14496020
14496066
14496073
14496076
14496078
14496079
14496080
14496082
14496084
14496091
14496092
14496101
14496109
14496116
14496121
14496123
14496128
14496139
14496140
14496154
14496158
14496171
14496183
14496189
14496194
14496223
14496227
14496247
14496250
14496252
14496256
14496259
14496266
14496270
14496276
14496280
14496284
14496287
14496289
14496294
14496304
14496306
14496310
14496312
14496315
14496319
14496320
14496331
14496337
14496340
14496344
14496364
14496371
14496375
14496383
14496389
14496390
14496394
14496406
14496408
14496421
14496441
14496447
14496451
14496453
14496460
14496464
14496466
14496473
14496475
14496488
14496489
14496490
14496496
14496497
14496498
14496499
14496500
14496501
14496508
14496526
14496551
14496553
14496556
14496576
14496579
14496600
14496631
14496635
14496644
14496647
14496655
14496659
14496669
14496673
14496674
14496677
14496682
14496683
14496688
14496690
14496693
14496695
14496696
14496699
14496703
14496704
14496705
14496713
14496715
14496722
14496736
14496737
14496745
14496750
14496751
14496752
14496778
14496781
14496803
14496808
14496809
14496810
14496811
14496812
14496814
14496815
14496823
14496824
14496829
14496833
14496836
14496839
14496841
14496846
14496856
14496863
14496865
14496871
14496872
14496878
14496884
14496894
14496896
14496906
14496911
14496921
14496947
14496949
14496951
14496952
14496961
14496985
14496987
14496992
14497007
14497010
14497016
14497021
14497026
14497035
14497050
14497054
14497062
14497069
14497074
14497089
14497094
14497105
14497109
14497112
14497113
14497116
14497130
14497168
14497177
14497208
14497216
14497217
14497218
14497224
14497236
14497242
14497246
14497253
14497260
14497271
14497272
14497282
14497287
14497290
14497294
14497295
14497299
14497302
14497329
14497333
14497338
14497355
14497359
14497361
14497379
14497382
14497389
14497398
14497400
14497402
14497420
14497427
14497435
14497450
14497455
14497456
14497470
14497474
14497491
14497504
14497518
14497519
14497520
14497523
14497527
14497534
14497553
14497566
14497569
14497575
14497576
14497580
14497582
14497591
14497595
14497613
14497614
14497626
14497627
14497644
14497648
14497653
14497658
14497661
14497701
14497709
14497718
14497722
14497724
14497733
14497756
14497760
14497762
14497769
14497781
14497795
14497807
14497810
14497812
14497815
14497830
14497840
14497845
14497853
14497862
14497864
14497901
14497940
14497948
14497951
14497986
14497994
14498021
14498029
14498034
14498049
14498051
14498061
14498075
14498076
14498081
14498096
14498103
14498115
14498119
14498127
14498135
14498136
14498145
14498182
14498187
14498197
14498205
14498208
14498218
14498238
14498239
14498240
14498244
14498249
14498263
14498271
14498274
14498286
14498289
14498300
14498302
14498315
14498323
14498331
14498341
14498343
14498348
14498349
14498353
14498362
14498366
14498367
14498373
14498374
14498380
14498399
14498402
14498407
14498413
14498424
14498430
14498436
14498440
14498441
14498446
14498448
14498453
14498462
14498470
14498477
14498482
14498485
14498491
14498504
14498513
14498537
14498546
14498553
14498566
14498568
14498574
14498580
14498585
14498588
14498591
14498607
14498608
14498614
14498615
14498618
14498624
14498626
14498631
14498637
14498640
14498641
14498642
14498648
14498661
14498662
14498670
14498671
14498672
14498673
14498675
14498676
14498677
14498678
14498679
14498685
14498693
14498694
14498696
14498698
14498701
14498710
14498712
14498716
14498717
14498718
14498722
14498723
14498725
14498727
14498730
14498735
14498738
14498759
14498767
14498768
14498770
14498787
14498792
14498798
14498806
14498809
14498812
14498814
14498816
14498819
14498821
14498828
14498834
14498839
14498841
14498854
14498862
14498866
14498875
14498876
14498877
14498880
14498881
14498882
14498892
14498893
14498900
14498903
14498907
14498908
14498910
14498920
14498924
14498925
14498927
14498931
14498952
14498956
14498963
14498964
14498977
14498979
14498990
14498995
14498997
14499007
14499010
14499011
14499013
14499018
14499035
14499037
14499042
14499043
14499049
14499071
14499072
14499073
14499081
14499096
14499097
14499098
14499100
14499120
14499121
14499124
14499127
14499130
14499134
14499139
14499143
14499144
14499145
14499149
14499150
14499155
14499160
14499163
14499166
14499182
14499184
14499194
14499195
14499201
14499202
14499210
14499212
14499220
14499223
14499229
14499234
14499237
14499238
14499241
14499242
14499246
14499250
14499255
14499256
14499259
14499261
14499281
14499282
14499283
14499289
14499294
14499295
14499296
14499302
14499303
14499304
14499312
14499313
14499316
14499317
14499320
14499321
14499323
14499328
14499343
14499346
14499350
14499353
14499357
14499363
14499364
14499372
14499373
14499375
14499378
14499379
14499383
14499384
14499389
14499390
14499396
14499400
14499402
14499413
14499419
14499424
14499434
14499436
14499439
14499448
14499450
14499455
14499461
14499467
14499479
14499480
14499482
14499483
14499485
14499487
14499489
14499492
14499497
14499498
14499499
14499501
14499506
14499510
14499511
14499515
14499522
14499523
14499525
14499528
14499531
14499533
14499536
14499539
14499543
14499548
14499553
14499559
14499560
14499561
14499563
14499564
14499571
14499572
14499574
14499575
14499576
14499579
14499585
14499589
14499591
14499593
14499594
14499598
14499600
14499604
14499607
14499609
14499613
14499614
14499620
14499622
14499628
14499629
14499630
14499632
14499634
14499635
14499640
14499645
14499654
14499657
14499661
14499663
14499667
14499668
14499670
14499671
14499673
14499677
14499678
14499682
14499683
14499687
14499694
14499695
14499700
14499702
14499703
14499704
14499711
14499716
14499723
14499725
14499726
14499728
14499730
14499731
14499733
14499738
14499744
14499751
14499754
14499760
14499761
14499767
14499770
14499772
14499774
14499775
14499776
14499778
14499782
14499783
14499785
14499786
14499788
14499790
14499791
14499792
14499794
14499798
14499799
14499802
14499805
14499806
14499808
14499811
14499812
14499818
14499819
14499823
14499827
14499828
14499832
14499838
14499840
14499844
14499845
14499847
14499849
14499852
14499854
14499855
14499857
14499864
14499866
14499872
14499878
14499880
14499881
14499884
14499885
14499889
14499891
14499892
14499896
14499899
14499904
14499905
14499907
14499911
14499913
14499915
14499921
14499923
14499925
14499927
14499934
14499940
14499941
14499944
14499949
14499951
14499952
14499955
14499956
14499957
14499961
14499963
14499964
14499969
14499970
14499973
14499978
14499980
14499986
14499989
14499995
14499996
14499998
