12651221
12651225
12651248
12651542
12652058
12653413
12654071
12655638
12655639
12655693
12656162
12656168
12659764
12659945
12660132
12660140
12668554
12668570
12668571
12668599
12672555
12673409
12673504
12673533
12680084
12680094
12682077
12682672
12682773
12683876
12686037
12686068
12686099
12686510
12686541
12686743
12687303
12687323
12687493
12687539
12688403
12690155
12690259
12690286
12690326
12691653
12692053
12692210
12692221
12692643
12692692
12692804
12693257
12693298
12694227
12694389
12694831
12694838
12696134
12696143
12696157
12696165
12698699
12698884
12698893
12700558
12700576
12700584
12700806
12701138
12701143
12701155
12701159
12701163
12701173
12701185
12704911
12704923
12706059
12706074
12706080
12706083
12706100
12708986
12709822
12709829
12713641
12713652
12713670
12713673
12715888
12715897
12722577
12722909
12722968
12724242
12724576
12725403
12729238
12729681
12730659
12730732
12731459
12731696
12732491
12732529
12732547
12734738
12735791
12735804
12737584
12737864
12737906
12739960
12740024
12741504
12741513
12741569
12741662
12741683
12742507
12742638
12747609
12747618
12748281
12749615
12750152
12750347
12750388
12750863
12751097
12751127
12751286
12751336
12751562
12751571
12751582
12751628
12751842
12751852
12751862
12757605
12757608
12758626
12758630
12759823
12759833
12760046
12763380
12763408
12763431
12764017
12764034
12765979
12765986
12765991
12765995
12765999
12766015
12766016
12766020
12766030
12766038
12766051
12766078
12769015
12769594
12769893
12769920
12770140
12770723
12770741
12771125
12771206
12771305
12771520
12776532
12777386
12777391
12779990
12783618
12788713
12788791
12789223
12790489
12794342
12794353
12794367
12794400
12794401
12794597
12794614
12794985
12795010
12795022
12795068
12795208
12795362
12795379
12795631
12795809
12795849
12795852
12795857
12797383
12799470
12800946
12801288
12801981
12802026
12804410
12804876
12806362
12806364
12806376
12806408
12806436
12807169
12807625
12808240
12808245
12810271
12811517
12811579
12811637
12813085
12813689
12814815
12815175
12815608
12815644
12815649
12816508
12820574
12820603
12820693
12820861
12821297
12821927
12823670
12824575
12824869
12824877
12830471
12830480
12830488
12831872
12832576
12832980
12833037
12833058
12833229
12833257
12833674
12835918
12836668
12836751
12836752
12836754
12836758
12837237
12837551
12839275
12839730
12839785
12839788
12839793
12839809
12839816
12840382
12840383
12840388
12845419
12845580
12845908
12845967
12847090
12847158
12847171
12848575
12848585
12848593
12848611
12849636
12849647
12852787
12854128
12854180
12854241
12854242
12854570
12855747
12856961
12856977
12857993
12858359
12858422
12860291
12863626
12864209
12864678
12865628
12865659
12869622
12869623
12870238
12870247
12870302
12870359
12871477
12871637
12876280
12876679
12876799
12877708
12877919
12877936
12878297
12881234
12881300
12881335
12881531
12884074
12884155
12885135
12885140
12885145
12888388
12891676
12892804
12893994
12894093
12894366
12894375
12894835
12897362
12901890
12902258
12906194
12906406
12907545
12907564
12907589
12912949
12914541
12914661
12915180
12915190
12920452
12920454
12920874
12921026
12922578
12922799
12922807
12922839
12922891
12933090
12933660
12933669
12938224
12938233
12941883
12941943
12942820
12942995
12943511
12943877
12944235
12944246
12944498
12944624
12944634
12944805
12951687
12955368
12955371
12957256
12957272
12961038
12961360
12961388
12964995
12967071
12967137
12968400
12968752
12971490
12971694
12972059
12972994
12973510
12978759
12997060
12997134
12997154
12998385
12998387
13000035
13000783
13001686
13002163
13007785
13009390
13009410
13009430
13013401
13013404
13016218
13016281
13016295
13016425
13016495
13023100
13023105
13023476
13024388
13024398
13024432
13024436
13024437
13025729
13025958
13026002
13026569
13026596
13029599
13029714
13033910
13036405
13039009
13041342
13044040
13044057
13047030
13047099
13047325
13048300
13049283
13049940
13053819
13053875
13058330
13061318
13061970
13067361
13068947
13073081
13079668
13080538
13080834
13082242
13083983
13085454
13085617
13087577
13094140
13094168
13100388
13107014
13109678
13111252
13111260
13116335
13117723
13117927
13117966
13117978
13117991
13117998
13118978
13126424
13126559
13127367
13127380
13127408
13136781
13136930
13136945
13136970
13136973
13137001
13137119
13137222
13137268
13140021
13140027
13140035
13144474
13145957
13146114
13146307
13148773
13155932
13155976
13156028
13156038
13157930
13170780
13170993
13171948
13172251
13176354
13183787
13184063
13184900
13187931
13190737
13195156
13195159
13195171
13195294
13196853
13196874
13198198
13198261
13198284
13198314
13198617
13199354
13205320
13205556
13205592
13205674
13205988
13208639
13212495
13212525
13216232
13216791
13216803
13217185
13217232
13218789
13223822
13226110
13226150
13230120
13230137
13231908
13236325
13237082
13237669
13238098
13238470
13243457
13243487
13248681
13248693
13249864
13249870
13250604
13252388
13255278
13255325
13255338
13255345
13261816
13266032
13268179
13268185
13269322
13274897
13282573
13282640
13287526
13294486
13298445
13298468
13316204
13320646
13321036
13321041
13321044
13321053
13321071
13321321
13323790
13326514
13327958
13328022
13328389
13332358
13332394
13340200
13340216
13345250
13345297
13347888
13350022
13350068
13351861
13351889
13351901
13352702
13352734
13352757
13353929
13358415
13359486
13360540
13362376
13362471
13362603
13366491
13368928
13369077
13369116
13383169
13383398
13383402
13383572
13386447
13389776
13389845
13395934
13396017
13396632
13397121
13397151
13402928
13402971
13404284
13406266
13408836
13409639
13412812
13415437
13416247
13416296
13416318
13416326
13416380
13416385
13417316
13418414
13449454
13449548
13454729
13464709
13473207
13473214
13480173
13509313
13515291
13515326
13515348
13515372
13515568
13515571
13525222
13530665
13532271
13541259
13553530
13562724
13570443
13588531
13588541
13588570
13592113
13601429
13601746
13601789
13601883
13602619
13609075
13609080
13613580
13613583
13613615
13613630
13613670
13613678
13613767
13616538
13617742
13620084
13620088
13628141
13634057
13640741
13643648
13645305
13645594
13651708
13659917
13663989
13664065
13664082
13664098
13664153
13664171
13664174
13664255
13664277
13664288
13664294
13664359
13664368
13665922
13670732
13670743
13678968
13698122
13706819
13707024
13715160
13715165
13717702
13718619
13718949
13719079
13719169
13721436
13721476
13721557
13721606
13725831
13725848
13725873
13725884
13728298
13728303
13728587
13732100
13745328
13745340
13745349
13745354
13745444
13745445
13745446
13752387
13757035
13757780
13769659
13770993
13771039
13771054
13771087
13771096
13771103
13771114
13771128
13773983
13777101
13790061
13790064
13790068
13790074
13790077
13790098
13790154
13792840
13796467
13796485
13796552
13796560
13797009
13797516
13799027
13805466
13805587
13805966
13806255
13806726
13806990
13809922
13809973
13810623
13810796
13815946
13820411
13820468
13820523
13820823
13822089
13822094
13822097
13822126
13822133
13822137
13822285
13830496
13830497
13830511
13839451
13839473
13839514
13845430
13847434
13847581
13847593
13854578
13854581
13854789
13859388
13860741
13863274
13867396
13867402
13883542
13883690
13883701
13883869
13885132
13886316
13887361
13891108
13893786
13901112
13901137
13907560
13913093
13913097
13913103
13913166
13913171
13913206
13913391
13913399
13913404
13914271
13914450
13914818
13928182
13934786
13935165
13938138
13938148
13938569
13944842
13944848
13946472
13946483
13946492
13957414
13990217
13990232
13992360
13992636
13996585
13997221
13997313
14007031
14009574
14009629
14018755
14031152
14035516
14035554
14036114
14042013
14043417
14049370
14049388
14049566
14049711
14049821
14049835
14063408
14068488
14068880
14068898
14072111
14073808
14074366
14081495
14084825
14088432
14088518
14092631
14107926
14107954
14117440
14124026
14124048
14126925
14126945
14127138
14136243
14138277
14138547
14139044
14150082
14150264
14154513
14161789
14164634
14164653
14168111
14168789
14175403
14176685
14183134
14183247
14183361
14185649
14193197
14200122
14202691
14202710
14202723
14202741
14206497
14206502
14207312
14207343
14207459
14217764
14217808
14220737
14221396
14232158
14234215
14239138
14249313
14252259
14254334
14256319
14256597
14263220
14263232
14263332
14275267
14275512
14275540
14275562
14283187
14283207
14283429
14312782
14339769
14339778
14343896
14343955
14346409
14346414
14346419
14347216
14347318
14359256
14365728
14365736
14365771
14371522
14371525
14371535
14371553
14371561
14371597
14371600
14371605
14371607
14377991
14384799
14384896
14385074
14385079
14391389
14391398
14391402
14391418
14391439
14392080
14397867
14398735
14403884
14405207
14410752
14410803
14410822
14410831
14410841
14410842
14410946
14423055
14423066
14423069
14423071
14423072
14423094
14423120
14424669
14424731
14439328
14442153
14442741
14448932
14458637
14469739
14474055
14474120
14493913
14493917
14494081
14494087
14494113
14494126
