12506207
12506222
12506920
12507174
12508069
12508072
12508502
12508642
12508678
12509943
12512284
12513771
12515661
12515740
12515983
12522236
12524236
12524406
12528545
12529255
12529467
12531977
12532317
12537176
12537984
12541294
12544398
12546864
12546887
12546914
12546951
12547086
12547099
12547226
12547257
12547266
12547519
12547523
12547599
12547607
12547686
12547721
12547785
12547795
12547837
12547900
12547967
12548087
12548145
12548491
12548754
12548842
12552347
12553652
12554806
12555664
12555807
12558383
12558394
12559228
12559373
12559545
12559608
12567056
12570724
12570770
12572821
12573622
12573651
12573712
12575029
12575593
12575612
12575694
12575719
12577311
12581104
12582040
12587919
12592325
12592333
12592340
12592345
12592563
12592594
12592623
12592628
12592695
12592763
12592808
12592860
12593005
12595611
12595785
12596698
12596894
12596915
12596947
12596953
12596956
12597355
12598309
12598329
12598397
12598658
12599043
12599236
12599439
12599588
12600412
12600457
12600464
12600567
12602131
12605308
12605328
12605815
12605823
12607008
12607115
12608715
12611542
12612387
12612450
12612563
12612633
12612699
12612703
12613134
12613262
12613633
12613647
12613661
12614679
12615295
12617988
12618159
12618594
12618608
12618615
12621392
12624109
12628902
12631405
12631741
12632001
12632249
12632531
12632598
12632684
12632744
12633456
12636856
12637300
12637311
12637603
12637669
12637753
12637824
12637979
12638058
12638237
12638286
12638298
12638369
12638626
12638628
12639513
12639534
12639598
12640185
12640626
12642086
12642400
12643046
12643196
12644229
12644911
12645445
12646379
12646587
12651615
12651654
12651830
12652644
12653109
12653130
12654101
12654108
12654337
12654846
12655076
12655129
12655138
12655423
12661850
12666803
12666937
12667265
12668818
12669954
12672871
12682529
12682762
12682930
12682941
12684867
12687612
12689199
12689295
12689823
12694066
12701015
12701853
12701861
12701870
12701988
12702129
12706546
12707353
12711322
12713531
12713548
12714896
12717202
12717991
12721014
12721099
12722248
12722292
12722309
12722376
12722927
12723736
12726324
12727520
12727748
12728029
12728044
12728122
12728198
12728210
12728242
12728394
12728488
12728517
12728519
12728540
12728576
12728616
12728635
12730331
12730339
12731791
12733365
12735878
12740212
12741026
12742379
12744061
12746815
12750117
12752605
12757474
12759478
12762838
12764466
12766713
12768050
12769027
12772671
12772675
12772798
12772886
12773381
12773415
12774655
12775732
12777193
12779115
12779121
12779351
12780100
12780482
12782353
12784171
12784172
12784173
12787033
12788186
12790158
12798980
12799101
12805260
12808293
12808297
12811504
12812706
12813126
12813260
12817968
12817997
12818009
12818023
12818029
12818243
12818322
12818430
12818645
12818873
12820495
12822741
12823570
12826680
12830079
12830094
12830395
12830473
12830705
12830993
12831192
12836058
12836369
12836385
12836453
12840767
12841343
12844963
12844973
12844979
12847058
12847105
12847333
12857618
12862263
12862518
12862530
12862621
12862680
12862786
12862809
12862825
12862833
12865218
12866055
12866947
12867402
12867428
12872814
12874084
12875908
12878332
12882254
12884681
12887329
12896037
12901619
12901621
12901767
12901841
12904397
12906263
12906983
12907191
12907706
12907742
12908444
12908501
12908845
12908954
12909021
12909100
12909194
12909418
12912564
12913835
12914489
12914504
12917185
12917581
12919153
12920540
12927315
12932747
12939367
12943290
12945442
12945462
12945753
12947665
12950887
12951297
12951470
12951471
12951699
12951990
12952152
12953930
12964698
12964782
12964864
12970907
12979319
12986126
12990013
12995971
12996284
12996335
12997131
12997146
13003151
13003223
13009421
13012147
13012161
13013249
13016295
13016303
13016328
13017036
13021834
13031482
13035088
13035109
13040491
13040977
13041685
13041793
13041819
13041929
13042228
13042232
13042361
13042471
13042562
13043739
13044820
13056885
13059800
13059823
13068016
13068143
13068391
13070826
13072410
13074003
13078454
13078820
13078860
13087071
13087492
13087509
13087860
13087885
13088077
13088099
13098034
13113707
13124386
13124408
13125990
13126676
13127005
13129616
13131529
13132773
13134230
13134252
13140595
13141488
13145135
13152053
13158219
13164410
13173918
13175557
13176199
13176367
13176563
13176620
13177958
13178031
13178035
13178084
13178141
13178189
13178556
13178677
13178899
13179265
13183720
13184682
13184768
13185788
13186892
13188040
13189241
13189353
13190218
13193786
13197974
13202644
13205936
13211382
13214307
13216053
13216434
13217283
13223199
13223504
13223553
13226445
13236361
13236615
13238160
13238182
13238474
13240177
13253888
13254703
13257259
13259457
13268236
13268389
13269747
13270090
13274703
13277469
13280193
13280201
13288597
13292588
13292654
13295054
13296874
13297201
13301919
13306126
13307361
13307609
13313849
13314109
13314124
13314133
13314215
13314248
13314262
13314692
13320035
13320047
13320067
13320285
13320316
13320345
13320406
13324204
13332708
13334992
13337135
13337158
13337699
13337903
13339454
13340336
13345786
13358311
13359094
13359709
13359720
13362940
13364424
13364490
13366819
13376968
13377336
13379704
13385958
13386103
13387155
13391131
13392220
13393609
13400637
13401745
13404158
13404471
13404487
13405275
13408755
13411165
13412940
13416836
13422188
13423225
13423833
13425746
13429124
13430836
13433261
13433471
13433739
13433828
13434636
13435277
13436101
13436403
13436441
13437930
13439781
13441158
13441503
13442577
13444260
13446057
13446808
13447569
13448662
13448775
13450183
13450193
13450731
13451320
13453315
13454173
13462304
13464979
13485299
13487877
13488843
13489885
13491132
13494808
13494823
13498596
13507674
13527032
13537210
13538852
13539379
13539446
13540791
13545578
13546463
13548954
13550818
13551111
13568043
13568325
13570789
13571695
13571792
13572039
13576357
13577946
13582846
13582856
13588002
13588740
13593134
13594223
13606771
13607200
13609704
13610246
13617791
13626041
13626503
13626617
13627269
13627665
13627672
13629068
13631109
13639044
13639138
13639937
13640222
13640326
13651821
13651987
13659984
13663898
13664394
13665130
13668124
13668191
13670963
13672139
13672406
13673136
13673176
13674856
13680368
13680449
13683502
13686853
13686875
13687123
13687150
13687672
13687984
13695480
13700302
13700608
13700715
13700724
13700733
13700771
13702348
13714440
13714450
13717266
13726446
13730187
13731256
13740528
13745386
13745605
13746106
13750531
13751457
13751512
13751520
13751797
13755416
13758430
13758434
13760940
13760947
13760956
13763744
13764254
13774041
13774065
13774657
13775963
13781298
13789110
13791172
13800904
13801069
13803719
13803729
13808144
13812802
13814499
13815794
13819978
13820521
13821288
13822146
13841535
13845505
13845518
13845560
13845612
13847468
13847630
13849608
13849610
13853187
13854004
13854315
13866478
13867914
13869560
13870636
13871178
13871243
13871306
13871340
13871416
13871428
13873155
13873316
13873326
13873373
13873503
13873634
13873696
13873703
13873822
13873919
13873987
13873995
13874050
13875509
13877048
13877726
13877771
13877796
13878043
13878563
13878586
13879043
13879089
13879182
13880367
13882644
13882899
13883134
13887150
13887508
13888839
13889217
13889735
13890474
13890849
13891954
13892627
13892955
13894705
13894710
13896622
13899208
13899272
13899282
13899302
13900188
13900231
13903249
13904177
13906600
13906685
13906687
13907003
13907949
13910263
13911732
13913804
13926691
13930219
13930288
13930297
13937759
13940633
13940747
13941860
13941892
13942077
13942890
13943502
13945116
13956335
13961490
13963156
13971502
13973657
13978179
13978205
13978290
13979033
13980725
13980727
13980797
13980848
13982711
13982943
13983180
13983378
13983405
13984001
13984011
13984398
13985168
13986498
13986949
13987613
13988315
13988387
13988428
13988439
13990139
13990582
13991118
13991757
13993947
13997211
13997864
14002365
14006161
14009151
14009394
14011385
14012713
14015617
14022656
14022683
14022694
14026681
14027468
14027482
14030291
14030298
14032228
14038918
14042012
14046947
14050348
14050367
14050378
14052644
14061886
14073990
14075601
14075606
14076713
14089552
14096694
14099495
14100412
14100436
14100441
14100732
14102875
14119937
14119953
14120565
14120567
14130136
14132607
14134422
14134684
14135219
14135227
14135288
14136096
14136422
14141765
14148463
14148570
14151832
14152034
14165758
14165781
14169876
14170930
14171367
14172288
14174455
14178188
14178193
14178460
14183724
14189924
14189926
14197448
14209796
14209917
14212276
14212279
14218269
14223600
14225329
14226084
14231941
14236220
14247950
14247971
14248518
14254744
14257894
14262340
14275297
14294194
14299874
14301057
14302325
14302331
14302340
14302364
14307499
14317439
14319585
14324583
14341701
14342725
14348698
14348703
14348827
14365328
14386267
14392677
14392684
14394312
14397659
14423937
14433154
14438411
14438416
14448066
14449618
14458367
14468869
14472954
14479367
14482783
14482787
14489549
14495756
