14479523
14479533
14479543
14479574
14479591
14479602
14479606
14479611
14479618
14479620
14479649
14479650
14479658
14479672
14479697
14479710
14479720
14479728
14479739
14479751
14479752
14479756
14479759
14479773
14479783
14479799
14479805
14479834
14479843
14479890
14479894
14479929
14479940
14479943
14479960
14479969
14479982
14480003
14480011
14480016
14480024
14480025
14480027
14480031
14480041
14480054
14480060
14480083
14480089
14480096
14480097
14480124
14480127
14480130
14480134
14480145
14480157
14480170
14480171
14480178
14480183
14480191
14480198
14480223
14480243
14480252
14480264
14480266
14480300
14480301
14480309
14480316
14480326
14480327
14480335
14480369
14480390
14480397
14480404
14480418
14480420
14480422
14480433
14480444
14480463
14480465
14480515
14480559
14480564
14480575
14480702
14480703
14480708
14480714
14480729
14480767
14480771
14480787
14480808
14480815
14480823
14480826
14480844
14480860
14480872
14480914
14480917
14480952
14480955
14480964
14480965
14480974
14480981
14480991
14480995
14480997
14480998
14481001
14481007
14481018
14481027
14481028
14481031
14481049
14481060
14481061
14481071
14481093
14481099
14481102
14481108
14481150
14481151
14481161
14481170
14481175
14481186
14481189
14481202
14481205
14481210
14481215
14481216
14481220
14481237
14481250
14481256
14481261
14481262
14481266
14481268
14481269
14481283
14481303
14481313
14481331
14481347
14481353
14481371
14481374
14481408
14481411
14481426
14481432
14481446
14481449
14481455
14481461
14481462
14481470
14481475
14481479
14481486
14481493
14481503
14481507
14481510
14481511
14481512
14481517
14481535
14481542
14481550
14481553
14481565
14481572
14481575
14481577
14481600
14481612
14481618
14481628
14481631
14481634
14481661
14481669
14481675
14481679
14481680
14481705
14481727
14481730
14481742
14481750
14481754
14481758
14481759
14481762
14481765
14481780
14481793
14481995
14482009
14482027
14482055
14482065
14482069
14482071
14482090
14482096
14482132
14482165
14482173
14482179
14482192
14482206
14482232
14482278
14482285
14482328
14482372
14482394
14482396
14482397
14482425
14482440
14482527
14482530
14482569
14482625
14482673
14482680
14482682
14482816
14482831
14482842
14482869
14482879
14482882
14482969
14483046
14483073
14483125
14483140
14483182
14483219
14483234
14483237
14483249
14483258
14483323
14483326
14483334
14483335
14483338
14483350
14483401
14483447
14483458
14483522
14483534
14483582
14483621
14483647
14483656
14483661
14483663
14483688
14483719
14483727
14483737
14483764
14483776
14483780
14483811
14483827
14483881
14483896
14483936
14483937
14483950
14483955
14484030
14484065
14484087
14484092
14484166
14484256
14484260
14484271
14484286
14484288
14484371
14484383
14484408
14484438
14484446
14484479
14484488
14484490
14484502
14484513
14484559
14484588
14484615
14484625
14484633
14484639
14484681
14484698
14484741
14484746
14484764
14484790
14484791
14484828
14484836
14484870
14484935
14484946
14484948
14484954
14484981
14485029
14485103
14485133
14485157
14485158
14485196
14485207
14485275
14485307
14485331
14485339
14485363
14485412
14485451
14485504
14485535
14485561
14485573
14485604
14485605
14485646
14485664
14485673
14485674
14485675
14485690
14485700
14485754
14485783
14485796
14485799
14485888
14485916
14485936
14485942
14485946
14485949
14485974
14486057
14486062
14486083
14486105
14486109
14486129
14486143
14486157
14486219
14486226
14486233
14486262
14486278
14486289
14486301
14486314
14486340
14486347
14486417
14486428
14486434
14486451
14486468
14486502
14486519
14486568
14486573
14486588
14486596
14486599
14486600
14486641
14486645
14486683
14486711
14486730
14486740
14486780
14486790
14486792
14486855
14486858
14486863
14486874
14486880
14486892
14486905
14486909
14486966
14486968
14486977
14487034
14487050
14487090
14487111
14487137
14487157
14487186
14487204
14487218
14487248
14487271
14487278
14487286
14487291
14487316
14487333
14487347
14487388
14487416
14487482
14487489
14487493
14487527
14487528
14487542
14487546
14487548
14487561
14487598
14487620
14487685
14487709
14487734
14487740
14487757
14487768
14487791
14487802
14487815
14487828
14487882
14487939
14487954
14488019
14488053
14488062
14488112
14488156
14488197
14488248
14488307
14488318
14488321
14488343
14488347
14488348
14488359
14488399
14488424
14488457
14488526
14488541
14488553
14488578
14488585
14488588
14488594
14488627
14488728
14488751
14488843
14488845
14488855
14488881
14488890
14488905
14488917
14488931
14488938
14488944
14488968
14488975
14488990
14489002
14489004
14489034
14489101
14489146
14489149
14489165
14489241
14489262
14489263
14489266
14489267
14489343
14489377
14489388
14489434
14489449
14489453
14489461
14489492
14489516
14489609
14489645
14489658
14489739
14489750
14489830
14489942
14489944
14490025
14490040
14490051
14490070
14490091
14490107
14490129
14490165
14490167
14490255
14490266
14490276
14490287
14490293
14490336
14490360
14490363
14490378
14490382
14490391
14490457
14490473
14490619
14490680
14490691
14490695
14490698
14490702
14490714
14490727
14490811
14490864
14490921
14490932
14490948
14491051
14491097
14491111
14491118
14491120
14491139
14491144
14491151
14491162
14491219
14491240
14491271
14491282
14491360
14491409
14491414
14491439
14491450
14491457
14491468
14491484
14491495
14491513
14491526
14491531
14491533
14491545
14491601
14491603
14491605
14491612
14491634
14491689
14491712
14491724
14491735
14491770
14491812
14491814
14491827
14491829
14491894
14491907
14491948
14491965
14491979
14492036
14492067
14492078
14492085
14492120
14492222
14492255
14492295
14492321
14492355
14492434
14492473
14492476
14492555
14492566
14492616
14492717
14492749
14492753
14492819
14492912
14492922
14492924
14492928
14492935
14493011
14493030
14493119
14493170
14493188
14493194
14493199
14493202
14493229
14493245
14493380
14493405
14493435
14493446
14493474
14493482
14493484
14493496
14493527
14493532
14493545
14493551
14493569
14493617
14493680
14493731
14493737
14493748
14493749
14493792
14493825
14493836
14493886
14493899
14493942
14493973
14493989
14494018
14494020
14494037
14494100
14494110
14494137
14494149
14494156
14494197
14494263
14494367
14494383
14494400
14494426
14494440
14494444
14494449
14494452
14494475
14494515
14494522
14494536
14494541
14494557
14494573
14494584
14494681
14494732
14494758
14494782
14494798
14494801
14494810
14494817
14494828
14494850
14494860
14494870
14494877
14494892
14494898
14494900
14494926
14494938
14494972
14494979
14494980
14494984
14495036
14495050
14495051
14495064
14495065
14495066
14495080
14495085
14495087
14495090
14495092
14495095
14495106
14495119
14495123
14495140
14495175
14495213
14495215
14495226
14495252
14495269
14495281
14495285
14495292
14495297
14495309
14495312
14495314
14495336
14495339
14495346
14495354
14495376
14495391
14495401
14495415
14495433
14495473
14495550
14495560
14495563
14495579
14495586
14495605
14495636
14495702
14495728
14495734
14495735
14495770
14495781
14495831
14495856
14495868
14495877
14495909
14495915
14495956
14495972
14495989
14495994
14496001
14496006
14496027
14496057
14496063
14496095
14496107
14496125
14496165
14496167
14496170
14496181
14496217
14496229
14496283
14496297
14496309
14496342
14496343
14496345
14496352
14496354
14496361
14496398
14496437
14496447
14496449
14496457
14496465
14496483
14496493
14496504
14496517
14496520
14496597
14496606
14496683
14496690
14496700
14496711
14496729
14496796
14496947
14496958
14496971
14497005
14497019
14497032
14497078
14497112
14497123
14497133
14497173
14497184
14497212
14497238
14497258
14497267
14497278
14497297
14497314
14497351
14497355
14497363
14497470
14497472
14497481
14497503
14497505
14497530
14497594
14497611
14497623
14497667
14497680
14497687
14497691
14497696
14497700
14497705
14497788
14497826
14497858
14497923
14497925
14497932
14497944
14497966
14497980
14497983
14498026
14498048
14498059
14498066
14498072
14498076
14498098
14498105
14498122
14498154
14498165
14498169
14498211
14498259
14498260
14498263
14498270
14498298
14498306
14498311
14498330
14498366
14498385
14498422
14498423
14498438
14498558
14498559
14498565
14498573
14498576
14498622
14498625
14498636
14498640
14498688
14498716
14498718
14498734
14498737
14498744
14498745
14498748
14498749
14498752
14498758
14498792
14498799
14498803
14498806
14498809
14498819
14498821
14498827
14498838
14498841
14498847
14498848
14498849
14498854
14498916
14498947
14498958
14498971
14498995
14499008
14499035
14499056
14499058
14499068
14499075
14499099
14499107
14499125
14499137
14499160
14499163
14499190
14499191
14499228
14499235
14499254
14499265
14499270
14499281
14499294
14499296
14499302
14499312
14499334
14499344
14499356
14499369
14499382
14499407
14499448
14499464
14499467
14499478
14499495
14499498
14499562
14499571
14499579
14499595
14499596
14499665
14499672
14499687
14499720
14499769
14499788
14499798
14499828
14499845
14499851
14499852
14499855
14499856
14499904
14499905
14499955
14499995
