14495203
14495205
14495208
14495209
14495210
14495212
14495215
14495216
14495232
14495233
14495235
14495237
14495242
14495245
14495246
14495247
14495249
14495251
14495255
14495257
14495258
14495260
14495261
14495264
14495268
14495269
14495273
14495274
14495275
14495282
14495286
14495292
14495294
14495297
14495315
14495318
14495321
14495331
14495336
14495339
14495342
14495345
14495347
14495348
14495356
14495368
14495373
14495376
14495377
14495382
14495383
14495385
14495386
14495389
14495392
14495395
14495398
14495403
14495407
14495409
14495410
14495412
14495418
14495419
14495422
14495427
14495429
14495430
14495433
14495439
14495441
14495447
14495450
14495455
14495457
14495459
14495461
14495469
14495471
14495473
14495475
14495477
14495479
14495487
14495493
14495494
14495495
14495496
14495497
14495499
14495500
14495501
14495503
14495506
14495512
14495514
14495519
14495520
14495522
14495523
14495524
14495525
14495529
14495533
14495534
14495535
14495536
14495544
14495548
14495553
14495554
14495556
14495558
14495560
14495561
14495570
14495572
14495576
14495578
14495579
14495588
14495593
14495597
14495603
14495604
14495611
14495612
14495614
14495616
14495619
14495622
14495623
14495626
14495628
14495629
14495654
14495657
14495669
14495672
14495675
14495678
14495683
14495684
14495688
14495691
14495692
14495697
14495698
14495701
14495702
14495713
14495714
14495719
14495720
14495723
14495732
14495749
14495757
14495759
14495760
14495761
14495762
14495766
14495767
14495779
14495780
14495781
14495790
14495793
14495795
14495800
14495803
14495806
14495807
14495808
14495811
14495814
14495815
14495823
14495824
14495830
14495831
14495834
14495869
14495873
14495876
14495879
14495881
14495890
14495893
14495895
14495899
14495906
14495908
14495910
14495929
14495931
14495932
14495942
14495945
14495949
14495952
14495957
14495959
14495964
14495965
14495968
14495988
14496006
14496012
14496027
14496028
14496034
14496042
14496049
14496051
14496057
14496066
14496077
14496078
14496084
14496087
14496088
14496095
14496104
14496107
14496109
14496111
14496116
14496117
14496119
14496124
14496131
14496132
14496133
14496137
14496138
14496139
14496141
14496146
14496153
14496166
14496171
14496181
14496197
14496200
14496202
14496204
14496206
14496209
14496217
14496219
14496225
14496227
14496228
14496231
14496232
14496235
14496236
14496237
14496238
14496242
14496246
14496255
14496261
14496266
14496273
14496277
14496280
14496282
14496286
14496288
14496303
14496304
14496310
14496313
14496315
14496316
14496321
14496324
14496326
14496333
14496344
14496352
14496356
14496358
14496360
14496361
14496369
14496391
14496395
14496399
14496414
14496418
14496434
14496451
14496452
14496453
14496466
14496470
14496483
14496487
14496489
14496492
14496493
14496504
14496507
14496521
14496529
14496535
14496539
14496551
14496553
14496565
14496568
14496569
14496577
14496588
14496590
14496593
14496594
14496596
14496607
14496615
14496621
14496627
14496630
14496638
14496641
14496645
14496647
14496649
14496660
14496664
14496669
14496671
14496676
14496682
14496690
14496691
14496692
14496695
14496703
14496704
14496711
14496715
14496718
14496719
14496722
14496724
14496729
14496734
14496737
14496738
14496745
14496752
14496757
14496761
14496763
14496765
14496769
14496775
14496782
14496784
14496791
14496793
14496795
14496802
14496803
14496804
14496810
14496812
14496815
14496823
14496824
14496833
14496839
14496843
14496845
14496850
14496851
14496853
14496856
14496857
14496861
14496864
14496869
14496870
14496871
14496872
14496876
14496884
14496889
14496890
14496891
14496894
14496898
14496900
14496902
14496905
14496909
14496911
14496913
14496917
14496919
14496926
14496927
14496928
14496932
14496936
14496941
14496945
14496946
14496949
14496951
14496954
14496956
14496957
14496959
14496962
14496963
14496966
14496969
14496974
14496975
14496983
14496986
14496990
14496994
14496998
14497006
14497010
14497014
14497020
14497021
14497023
14497034
14497036
14497038
14497039
14497041
14497044
14497047
14497048
14497051
14497053
14497057
14497062
14497064
14497067
14497068
14497078
14497080
14497084
14497085
14497086
14497091
14497092
14497093
14497096
14497099
14497101
14497105
14497109
14497110
14497116
14497117
14497121
14497123
14497125
14497129
14497131
14497135
14497136
14497137
14497140
14497146
14497150
14497154
14497155
14497156
14497157
14497162
14497166
14497167
14497168
14497169
14497171
14497177
14497191
14497196
14497197
14497202
14497210
14497212
14497213
14497221
14497222
14497223
14497233
14497240
14497248
14497252
14497253
14497258
14497269
14497273
14497276
14497277
14497279
14497281
14497294
14497295
14497301
14497308
14497314
14497319
14497321
14497322
14497323
14497326
14497328
14497331
14497332
14497333
14497334
14497336
14497344
14497346
14497348
14497350
14497361
14497373
14497388
14497391
14497392
14497399
14497402
14497403
14497415
14497421
14497425
14497450
14497451
14497476
14497484
14497497
14497498
14497499
14497501
14497509
14497516
14497519
14497527
14497531
14497532
14497534
14497537
14497538
14497543
14497544
14497552
14497556
14497557
14497560
14497565
14497569
14497572
14497580
14497581
14497596
14497599
14497605
14497606
14497612
14497618
14497634
14497638
14497641
14497644
14497645
14497646
14497663
14497668
14497669
14497670
14497673
14497675
14497680
14497682
14497709
14497714
14497716
14497718
14497722
14497729
14497735
14497737
14497739
14497742
14497745
14497750
14497751
14497760
14497765
14497768
14497770
14497791
14497797
14497798
14497799
14497801
14497809
14497820
14497821
14497826
14497828
14497830
14497848
14497874
14497875
14497913
14497917
14497923
14497926
14497935
14497937
14497946
14497947
14497953
14497965
14497966
14497974
14498000
14498015
14498020
14498029
14498030
14498035
14498040
14498046
14498049
14498052
14498054
14498063
14498065
14498070
14498076
14498081
14498084
14498089
14498092
14498098
14498107
14498114
14498128
14498130
14498145
14498155
14498161
14498164
14498166
14498179
14498183
14498187
14498189
14498190
14498193
14498198
14498201
14498208
14498214
14498215
14498217
14498220
14498225
14498226
14498227
14498235
14498239
14498254
14498258
14498269
14498272
14498278
14498284
14498290
14498291
14498295
14498296
14498301
14498302
14498303
14498324
14498332
14498337
14498350
14498353
14498357
14498367
14498373
14498374
14498376
14498379
14498386
14498392
14498395
14498397
14498398
14498401
14498403
14498406
14498407
14498413
14498415
14498423
14498426
14498430
14498434
14498439
14498447
14498469
14498470
14498472
14498474
14498477
14498482
14498490
14498491
14498494
14498495
14498510
14498516
14498519
14498521
14498528
14498529
14498530
14498545
14498546
14498562
14498568
14498574
14498576
14498584
14498585
14498587
14498588
14498591
14498600
14498602
14498606
14498607
14498608
14498615
14498623
14498628
14498630
14498632
14498633
14498637
14498641
14498642
14498647
14498651
14498664
14498666
14498667
14498671
14498675
14498676
14498680
14498684
14498689
14498707
14498708
14498715
14498726
14498737
14498738
14498741
14498749
14498754
14498764
14498766
14498773
14498775
14498776
14498780
14498825
14498839
14498841
14498842
14498843
14498845
14498847
14498849
14498850
14498857
14498859
14498862
14498864
14498914
14498915
14498928
14498937
14498947
14498952
14498956
14498958
14498963
14498971
14498991
14498994
14498995
14498999
14499001
14499002
14499009
14499010
14499014
14499017
14499027
14499039
14499042
14499049
14499057
14499065
14499072
14499076
14499081
14499084
14499086
14499091
14499095
14499097
14499098
14499100
14499107
14499116
14499120
14499125
14499133
14499145
14499149
14499151
14499155
14499160
14499169
14499202
14499209
14499216
14499220
14499223
14499234
14499238
14499248
14499254
14499262
14499263
14499269
14499282
14499285
14499297
14499299
14499300
14499302
14499312
14499317
14499318
14499321
14499326
14499332
14499333
14499348
14499350
14499354
14499357
14499374
14499375
14499383
14499393
14499402
14499404
14499420
14499421
14499429
14499445
14499457
14499465
14499470
14499474
14499491
14499498
14499506
14499509
14499514
14499523
14499524
14499537
14499543
14499544
14499562
14499564
14499565
14499578
14499579
14499585
14499593
14499597
14499598
14499614
14499622
14499630
14499634
14499636
14499641
14499648
14499655
14499670
14499677
14499678
14499682
14499683
14499687
14499698
14499717
14499720
14499722
14499724
14499725
14499727
14499728
14499733
14499737
14499739
14499743
14499745
14499754
14499758
14499761
14499766
14499770
14499772
14499774
14499778
14499783
14499784
14499785
14499790
14499794
14499795
14499797
14499805
14499813
14499819
14499840
14499842
14499857
14499860
14499865
14499866
14499869
14499875
14499876
14499880
14499881
14499888
14499891
14499892
14499897
14499899
14499904
14499908
14499918
14499921
14499923
14499927
14499928
14499929
14499930
14499936
14499938
14499942
14499945
14499955
14499956
14499959
14499960
14499962
14499964
14499968
14499973
14499975
14499977
14499979
14499980
14499986
14499987
14499995
