13549371
13549471
13549887
13549897
13549899
13549903
13549936
13550074
13550207
13550686
13551393
13555168
13555183
13555305
13555314
13555523
13555524
13555533
13555716
13555733
13555793
13555843
13555899
13558867
13560898
13560899
13560983
13561165
13561184
13561187
13561200
13561221
13561236
13561238
13561246
13561249
13561253
13561269
13561364
13561367
13561977
13567124
13567833
13567836
13568036
13568037
13568057
13568137
13568197
13574219
13574538
13574647
13575031
13575036
13575047
13575050
13575053
13575073
13575085
13575106
13575156
13575165
13575176
13575270
13575531
13575609
13575674
13575724
13581299
13581303
13581307
13581318
13581341
13581431
13581865
13581985
13583326
13583328
13586188
13587040
13587485
13587532
13587551
13587560
13587740
13587747
13587761
13587823
13587824
13587844
13587848
13587861
13587869
13588234
13594722
13594730
13594858
13594877
13594880
13594952
13594954
13594991
13595108
13595115
13600390
13600457
13600487
13600489
13600498
13600533
13600635
13600637
13600639
13605629
13606820
13606878
13606887
13607052
13607062
13607066
13607085
13607125
13607323
13607328
13611703
13613199
13613464
13613682
13613711
13613715
13613720
13613721
13613724
13613733
13613734
13613738
13613769
13619122
13619752
13620047
13620064
13620252
13620262
13620270
13620272
13620294
13620305
13620325
13620328
13620435
13620570
13620683
13625099
13625102
13625142
13625143
13625146
13625148
13625150
13625155
13625158
13625205
13625209
13626306
13626309
13626313
13626328
13626370
13626893
13626920
13632794
13632813
13632814
13632819
13632828
13632855
13632857
13632874
13632910
13632964
13637406
13638398
13638412
13638496
13638520
13638533
13638540
13638542
13638545
13638558
13638561
13638626
13638687
13638775
13638884
13638948
13639063
13644678
13644681
13644685
13644700
13644704
13644705
13644707
13644720
13644728
13644729
13644809
13644850
13645293
13650367
13650558
13650566
13650573
13650586
13650587
13650598
13650599
13650694
13650720
13651188
13651565
13656836
13656837
13656844
13656860
13656868
13656885
13656893
13656897
13656935
13657020
13657072
13657102
13657103
13663721
13663727
13663736
13663739
13663741
13663748
13663750
13663755
13663759
13663773
13663782
13663793
13663922
13663926
13664003
13664008
13664106
13668209
13669912
13669919
13669924
13669945
13669948
13669959
13669971
13669990
13669995
13670007
13670060
13676543
13676734
13676743
13676769
13676776
13676781
13676813
13676816
13676827
13676838
13676862
13676883
13676884
13677268
13680188
13682991
13683002
13683026
13683047
13683050
13683096
13683097
13683099
13683100
13683141
13683153
13683175
13683195
13683265
13684275
13684617
13689436
13689466
13689467
13689468
13689473
13689506
13689511
13689515
13695010
13695014
13695028
13695031
13695082
13695342
13700122
13700124
13700133
13700136
13700208
13701605
13703525
13708492
13708529
13708541
13708561
13708601
13708605
13708607
13708656
13708661
13708665
13708669
13713502
13713957
13713975
13713980
13714173
13714296
13714329
13714369
13714371
13714548
13714550
13720536
13720539
13720582
13720583
13720584
13720682
13720683
13720731
13724857
13726674
13726735
13726740
13726751
13727124
13727134
13727137
13727148
13727174
13727185
13727265
13727267
13727322
13727398
13727541
13733370
13733698
13733708
13733710
13733713
13733720
13733731
13734049
13734051
13734108
13734118
13734146
13734156
13734190
13736482
13739040
13739111
13739262
13739935
13743555
13745157
13745182
13745234
13745249
13745251
13752148
13752149
13752152
13752179
13752181
13752182
13752225
13752241
13752266
13752268
13752275
13752371
13758626
13758666
13758677
13758717
13758727
13758737
13758742
13758757
13758767
13758775
13758826
13758843
13763560
13764982
13765001
13765025
13765030
13765040
13765044
13765047
13765057
13765117
13765141
13765161
13769006
13769038
13769080
13769093
13769162
13770103
13770233
13770616
13770832
13770911
13770915
13770917
13770918
13770992
13770993
13771003
13771007
13771039
13771042
13771057
13771114
13771123
13774908
13774981
13774999
13775031
13775101
13775323
13775328
13775425
13775454
13776475
13776480
13776493
13776495
13776527
13777085
13777119
13777124
13777128
13777133
13777143
13777147
13777179
13777195
13777230
13777262
13777338
13777368
13777379
13777388
13777455
13781981
13782283
13782291
13782309
13782347
13782349
13782350
13782364
13782371
13782374
13782375
13782430
13782442
13788322
13789321
13790019
13790057
13790066
13790070
13790083
13790084
13790089
13790090
13790114
13790116
13790127
13790130
13790137
13790142
13790162
13790304
13790323
13796702
13796723
13796728
13796731
13796751
13796753
13796756
13796770
13796786
13796797
13796884
13796905
13796907
13796933
13797038
13802534
13802562
13802591
13802614
13802620
13802623
13802676
13802766
13802791
13802818
13802831
13802993
13809064
13809138
13809338
13809345
13809350
13809355
13809363
13809376
13809386
13809387
13809392
13809426
13810368
13810396
13815585
13815662
13815677
13815703
13815712
13815728
13815729
13815744
13815745
13815754
13815762
13815777
13815784
13815880
13816042
13822285
13822289
13822308
13822309
13822310
13822350
13823280
13824417
13824423
13824425
13824442
13824449
13825683
13825871
13826019
13826834
13826865
13827430
13828603
13828618
13828623
13828629
13828630
13828634
13828650
13828677
13828698
13828723
13833653
13834427
13834429
13834431
13834432
13834446
13834452
13834461
13834525
13837212
13842517
13842570
13848383
13854032
13854449
13854475
13854827
13854850
13854875
13855011
13855012
13855014
13855049
13855083
13855091
13855094
13855271
13855272
13855273
13859487
13860104
13860659
13866732
13868131
13872585
13886649
13891794
13895404
13905938
13910723
13912082
13912706
13912990
13917544
13917687
13917795
13918165
13919529
13919765
13926126
13937752
13938265
13939609
13944617
13945225
13945557
13945578
13945587
13945590
13945598
13946262
13958622
13963971
13964521
13965545
13965803
13970386
13976455
13977241
13977257
13977339
13977916
13977933
13978059
13978230
13978255
13978283
13978473
13978475
13978723
13978769
13981873
13982016
13982023
13982400
13984245
13984280
13984309
13984320
13984435
13984436
13989786
13990924
13991231
13991802
13995548
13995752
13996032
13997786
13997993
14000793
14002629
14002933
14003467
14016676
14016682
14016718
14016772
14017076
14020040
14022155
14029686
14030370
14044487
14048243
14061184
14061631
14067076
14068306
14072183
14073675
14088221
14094098
14098752
14098981
14099235
14100056
14101316
14105349
14119894
14139516
14169100
14170439
14176941
14184812
14189456
14190490
14201598
14210638
14210648
14215299
14215971
14216000
14220707
14222660
14222672
14223522
14223547
14223602
14223605
14223628
14223707
14223723
14223748
14223752
14223864
14223890
14223909
14223959
14224040
14224078
14224185
14224358
14224544
14224935
14225108
14225202
14226193
14227054
14227350
14227372
14227618
14227931
14228233
14228273
14228278
14228284
14228312
14228314
14228324
14228330
14228340
14228342
14228345
14228347
14228366
14228376
14228429
14228431
14228438
14228449
14228502
14228532
14228533
14228572
14228583
14228594
14228597
14228658
14228668
14228683
14228690
14228695
14228808
14229140
14229450
14229531
14229536
14229694
14229705
14229767
14229918
14230014
14230034
14230377
14230473
14230521
14230718
14230759
14230904
14230919
14230937
14230948
14230960
14230963
14230971
14230974
14231004
14231113
14231124
14231158
14231196
14231266
14231295
14234586
14234762
14235601
14235829
14237245
14241060
14242886
14243081
14244637
14245138
14247168
14248078
14248445
14248971
14254930
14255776
14256098
14256129
14259676
14261059
14261502
14261639
14261820
14267845
14274178
14274903
14275788
14275800
14275802
14275807
14275811
14275819
14275820
14275823
14275834
14275889
14275892
14275897
14275899
14275909
14275913
14275929
14275935
14276069
14276254
14279615
14285776
14285785
14286306
14287337
14287496
14287498
14300419
14304947
14314230
14316052
14325228
14325431
14325491
14326962
14326963
14326967
14331759
14344545
14345344
14350349
14350356
14352906
14357156
14358926
14359718
14359719
14359747
14359797
14359833
14359855
14359871
14359889
14359897
14363206
14363248
14363297
14370745
14379659
14382052
14382959
14389047
14389255
14389361
14389445
14389639
14389851
14390974
14395991
14401320
14402422
14409152
14418042
14421535
14422250
14422284
14427723
14428131
14428228
14433784
14437547
14441601
14442120
14443901
14447065
14447102
14447177
14447960
14447977
14447984
14448876
14449166
14452356
14454757
14454782
14454786
14454790
14454798
14455195
14455219
14455459
14455460
14455604
14455741
14455746
14456424
14459695
14460485
14460792
14460828
14460841
14461152
14461158
14461167
14461175
14461183
14461189
14461190
14461191
14461232
14461265
14461461
14461475
14461584
14462384
14469208
14469400
14469443
14471338
14471346
14471354
14471826
14473824
14473827
14473836
14473875
14474588
14479791
14480134
14480520
14481679
14485251
14485366
14486590
14488458
14492078
14493547
14493552
14493729
14494489
