14480183
14480188
14480202
14480207
14480216
14480242
14480262
14480278
14480293
14480303
14480314
14480346
14480374
14480420
14480427
14480445
14480457
14480463
14480473
14480481
14480519
14480522
14480537
14480546
14480547
14480564
14480575
14480580
14480582
14480596
14480604
14480611
14480621
14480667
14480671
14480710
14480719
14480722
14480736
14480757
14480793
14480815
14480870
14480877
14480916
14480929
14480946
14480969
14480975
14481002
14481024
14481049
14481060
14481089
14481106
14481110
14481162
14481179
14481183
14481203
14481206
14481235
14481239
14481272
14481309
14481322
14481325
14481327
14481361
14481363
14481367
14481371
14481400
14481422
14481426
14481438
14481485
14481496
14481500
14481518
14481526
14481546
14481560
14481606
14481614
14481624
14481638
14481650
14481670
14481687
14481715
14481745
14481772
14481782
14481794
14481803
14481818
14481822
14481828
14481837
14481871
14481927
14481964
14481976
14481980
14481990
14482001
14482006
14482011
14482022
14482031
14482053
14482056
14482060
14482061
14482072
14482079
14482081
14482103
14482104
14482108
14482113
14482151
14482154
14482165
14482181
14482186
14482191
14482202
14482206
14482208
14482217
14482230
14482236
14482250
14482263
14482264
14482276
14482278
14482285
14482298
14482305
14482312
14482314
14482331
14482339
14482367
14482375
14482382
14482419
14482420
14482476
14482481
14482482
14482498
14482504
14482510
14482569
14482575
14482582
14482615
14482641
14482665
14482667
14482682
14482695
14482706
14482718
14482781
14482785
14482797
14482806
14482808
14482826
14482874
14482884
14482897
14482900
14482946
14482998
14483018
14483019
14483040
14483044
14483065
14483071
14483075
14483082
14483083
14483088
14483112
14483144
14483189
14483209
14483244
14483258
14483286
14483287
14483291
14483298
14483315
14483323
14483325
14483330
14483331
14483346
14483348
14483352
14483368
14483372
14483397
14483425
14483426
14483432
14483437
14483466
14483523
14483546
14483561
14483592
14483596
14483604
14483661
14483721
14483745
14483768
14483773
14483777
14483821
14483896
14483907
14483959
14483983
14483991
14484030
14484051
14484078
14484156
14484169
14484170
14484217
14484224
14484262
14484279
14484308
14484316
14484387
14484397
14484399
14484404
14484410
14484414
14484418
14484424
14484428
14484429
14484471
14484474
14484475
14484521
14484527
14484554
14484569
14484572
14484583
14484595
14484599
14484605
14484648
14484651
14484657
14484671
14484676
14484692
14484694
14484699
14484702
14484704
14484719
14484727
14484741
14484743
14484771
14484779
14484875
14484883
14484892
14484895
14484900
14484913
14484922
14484936
14484941
14484957
14484973
14484982
14485002
14485020
14485040
14485076
14485077
14485103
14485106
14485109
14485118
14485119
14485150
14485175
14485182
14485184
14485194
14485201
14485208
14485226
14485228
14485257
14485258
14485299
14485300
14485308
14485315
14485320
14485333
14485334
14485336
14485341
14485348
14485375
14485381
14485400
14485426
14485428
14485444
14485451
14485462
14485465
14485482
14485512
14485519
14485532
14485541
14485567
14485586
14485597
14485620
14485624
14485633
14485671
14485682
14485688
14485694
14485695
14485707
14485755
14485756
14485761
14485774
14485803
14485821
14485831
14485836
14485838
14485840
14485861
14485873
14485875
14485949
14485970
14485975
14485991
14486001
14486020
14486026
14486051
14486055
14486093
14486111
14486155
14486177
14486195
14486206
14486256
14486264
14486274
14486275
14486288
14486301
14486302
14486306
14486307
14486315
14486322
14486327
14486340
14486385
14486391
14486411
14486454
14486484
14486487
14486491
14486497
14486505
14486512
14486524
14486551
14486626
14486632
14486650
14486687
14486698
14486704
14486716
14486761
14486772
14486795
14486811
14486839
14486966
14486973
14486977
14486979
14486983
14486990
14486992
14486996
14487040
14487059
14487068
14487071
14487091
14487093
14487118
14487155
14487188
14487211
14487263
14487279
14487301
14487338
14487356
14487385
14487399
14487444
14487495
14487506
14487538
14487555
14487574
14487583
14487593
14487606
14487622
14487734
14487776
14487793
14487840
14487901
14487972
14487990
14487998
14487999
14488007
14488008
14488017
14488022
14488039
14488046
14488058
14488097
14488118
14488127
14488147
14488202
14488219
14488256
14488269
14488270
14488294
14488302
14488337
14488360
14488390
14488397
14488404
14488412
14488433
14488458
14488472
14488475
14488483
14488488
14488515
14488524
14488533
14488586
14488603
14488654
14488686
14488688
14488691
14488704
14488712
14488714
14488720
14488733
14488738
14488748
14488769
14488773
14488781
14488801
14488815
14488818
14488837
14488838
14488839
14488848
14488858
14488861
14488877
14488883
14488973
14488994
14489011
14489062
14489089
14489104
14489113
14489127
14489155
14489160
14489169
14489191
14489192
14489220
14489221
14489226
14489228
14489233
14489251
14489273
14489283
14489284
14489307
14489366
14489379
14489397
14489398
14489411
14489491
14489500
14489519
14489529
14489539
14489600
14489641
14489651
14489663
14489675
14489793
14489795
14489815
14489843
14489897
14489923
14489963
14489964
14489969
14489993
14489999
14490025
14490043
14490100
14490116
14490124
14490130
14490142
14490169
14490201
14490205
14490207
14490209
14490244
14490253
14490263
14490268
14490271
14490272
14490273
14490289
14490298
14490321
14490329
14490337
14490344
14490410
14490418
14490437
14490443
14490453
14490497
14490500
14490520
14490522
14490556
14490599
14490625
14490629
14490639
14490655
14490657
14490664
14490765
14490767
14490776
14490780
14490801
14490805
14490845
14490856
14490867
14490873
14490950
14490957
14490996
14491010
14491011
14491031
14491041
14491043
14491053
14491054
14491055
14491068
14491081
14491133
14491150
14491177
14491178
14491194
14491201
14491204
14491205
14491214
14491244
14491249
14491253
14491306
14491341
14491344
14491352
14491355
14491358
14491406
14491409
14491428
14491439
14491444
14491450
14491492
14491495
14491496
14491513
14491529
14491533
14491566
14491583
14491590
14491668
14491696
14491709
14491719
14491757
14491782
14491789
14491810
14491811
14491815
14491816
14491837
14491843
14491846
14491865
14491875
14491909
14491965
14491974
14491978
14491979
14492027
14492030
14492039
14492040
14492073
14492089
14492142
14492158
14492183
14492188
14492216
14492222
14492227
14492247
14492253
14492255
14492297
14492335
14492372
14492394
14492436
14492450
14492455
14492458
14492469
14492483
14492494
14492535
14492552
14492574
14492593
14492600
14492602
14492606
14492610
14492633
14492691
14492702
14492706
14492725
14492746
14492758
14492759
14492776
14492781
14492817
14492819
14492823
14492832
14492847
14492859
14492867
14492868
14492879
14492880
14492881
14492954
14492983
14492995
14493014
14493018
14493025
14493027
14493038
14493048
14493051
14493062
14493072
14493085
14493099
14493109
14493130
14493140
14493171
14493192
14493207
14493318
14493323
14493325
14493333
14493346
14493368
14493394
14493443
14493473
14493515
14493548
14493560
14493562
14493574
14493580
14493603
14493619
14493723
14493790
14493825
14493870
14493895
14493925
14493931
14493934
14493999
14494009
14494016
14494020
14494052
14494064
14494069
14494094
14494101
14494102
14494170
14494202
14494285
14494291
14494313
14494322
14494336
14494345
14494347
14494367
14494375
14494395
14494412
14494444
14494484
14494494
14494502
14494510
14494527
14494528
14494530
14494547
14494567
14494593
14494594
14494608
14494638
14494648
14494660
14494710
14494738
14494747
14494763
14494799
14494800
14494816
14494847
14494853
14494868
14494881
14494885
14494892
14494895
14494931
14494935
14494938
14494940
14498295
14498296
14498298
14498302
14498312
14498313
14498315
14498325
14498330
14498334
14498337
14498340
14498344
14498348
14498351
14498356
14498359
14498370
14498372
14498374
14498376
14498385
14498387
14498392
14498395
14498396
14498397
14498406
14498412
14498415
14498425
14498428
14498447
14498458
14498460
14498462
14498463
14498465
14498468
14498480
14498481
14498495
14498510
14498518
14498520
14498523
14498524
14498525
14498526
14498544
14498546
14498566
14498567
14498571
14498589
14498590
14498595
14498599
14498602
14498607
14498609
14498628
14498630
14498641
14498644
14498645
14498656
14498667
14498672
14498678
14498680
14498701
14498705
14498710
14498723
14498727
14498728
14498729
14498748
14498759
14498767
14498789
14498849
14498852
14498866
14498867
14498908
14498924
14498927
14498975
14498976
14498987
14499003
14499018
14499041
14499048
14499049
14499051
14499065
14499085
14499100
14499105
14499113
14499130
14499139
14499145
14499159
14499182
14499202
14499229
14499237
14499243
14499245
14499257
14499300
14499316
14499356
14499386
14499396
14499404
14499422
14499428
14499441
14499454
14499455
14499470
14499474
14499484
14499498
14499520
14499525
14499531
14499547
14499558
14499592
14499597
14499643
14499655
14499676
14499678
14499694
14499695
14499712
14499724
14499759
14499774
14499812
14499840
14499869
14499880
14499955
14499973
