14498215
14498216
14498217
14498218
14498219
14498221
14498223
14498224
14498225
14498226
14498227
14498229
14498232
14498234
14498238
14498239
14498240
14498242
14498243
14498247
14498251
14498252
14498253
14498254
14498256
14498258
14498260
14498269
14498270
14498271
14498272
14498274
14498275
14498277
14498278
14498279
14498281
14498282
14498284
14498286
14498287
14498288
14498289
14498290
14498291
14498293
14498295
14498296
14498298
14498299
14498301
14498302
14498303
14498305
14498306
14498310
14498313
14498321
14498323
14498324
14498327
14498330
14498331
14498333
14498334
14498336
14498339
14498340
14498343
14498344
14498348
14498350
14498351
14498352
14498356
14498357
14498358
14498359
14498362
14498364
14498365
14498366
14498367
14498370
14498372
14498373
14498374
14498375
14498376
14498378
14498380
14498383
14498385
14498387
14498390
14498391
14498392
14498393
14498395
14498396
14498397
14498398
14498399
14498400
14498402
14498404
14498406
14498407
14498408
14498409
14498410
14498415
14498416
14498418
14498419
14498422
14498423
14498425
14498428
14498430
14498432
14498434
14498436
14498438
14498442
14498445
14498446
14498448
14498450
14498451
14498453
14498454
14498455
14498458
14498459
14498462
14498463
14498464
14498465
14498467
14498468
14498469
14498470
14498472
14498473
14498474
14498476
14498477
14498478
14498480
14498481
14498485
14498490
14498491
14498494
14498495
14498496
14498501
14498503
14498505
14498507
14498509
14498510
14498513
14498514
14498518
14498519
14498520
14498521
14498525
14498528
14498529
14498530
14498532
14498533
14498534
14498536
14498537
14498538
14498539
14498540
14498541
14498542
14498543
14498545
14498546
14498548
14498549
14498551
14498556
14498558
14498562
14498564
14498565
14498566
14498568
14498569
14498571
14498574
14498575
14498577
14498580
14498581
14498583
14498584
14498585
14498586
14498588
14498590
14498591
14498593
14498595
14498599
14498600
14498602
14498603
14498605
14498606
14498607
14498609
14498612
14498614
14498615
14498618
14498621
14498625
14498626
14498627
14498628
14498631
14498632
14498633
14498635
14498636
14498637
14498641
14498642
14498643
14498644
14498647
14498648
14498651
14498652
14498655
14498656
14498658
14498659
14498661
14498662
14498668
14498671
14498673
14498675
14498676
14498677
14498678
14498680
14498683
14498684
14498685
14498687
14498691
14498693
14498695
14498696
14498697
14498701
14498703
14498705
14498706
14498707
14498708
14498715
14498716
14498717
14498718
14498721
14498722
14498723
14498726
14498727
14498729
14498730
14498732
14498734
14498735
14498736
14498737
14498738
14498740
14498741
14498744
14498748
14498749
14498750
14498752
14498754
14498755
14498756
14498757
14498758
14498763
14498765
14498766
14498769
14498772
14498773
14498775
14498776
14498777
14498781
14498785
14498786
14498787
14498788
14498789
14498791
14498793
14498794
14498796
14498797
14498799
14498801
14498803
14498805
14498806
14498809
14498810
14498812
14498815
14498816
14498817
14498819
14498821
14498823
14498824
14498825
14498826
14498827
14498830
14498831
14498833
14498834
14498836
14498840
14498841
14498842
14498843
14498844
14498847
14498848
14498849
14498850
14498852
14498853
14498855
14498857
14498859
14498860
14498861
14498862
14498863
14498868
14498869
14498871
14498874
14498875
14498876
14498878
14498879
14498880
14498882
14498883
14498884
14498887
14498888
14498889
14498891
14498893
14498896
14498899
14498901
14498902
14498906
14498908
14498914
14498915
14498918
14498922
14498924
14498925
14498927
14498928
14498930
14498931
14498932
14498935
14498937
14498941
14498942
14498945
14498950
14498952
14498955
14498958
14498960
14498961
14498962
14498963
14498964
14498965
14498966
14498969
14498971
14498974
14498975
14498976
14498977
14498979
14498980
14498981
14498984
14498985
14498988
14498990
14498991
14498992
14498993
14498994
14498997
14498999
14499001
14499002
14499008
14499009
14499011
14499012
14499014
14499018
14499026
14499029
14499032
14499037
14499038
14499039
14499040
14499042
14499043
14499047
14499049
14499053
14499054
14499056
14499057
14499058
14499060
14499065
14499066
14499068
14499069
14499072
14499073
14499074
14499075
14499076
14499078
14499079
14499081
14499082
14499085
14499087
14499088
14499089
14499095
14499096
14499097
14499098
14499099
14499100
14499101
14499102
14499103
14499106
14499108
14499109
14499111
14499112
14499113
14499114
14499115
14499117
14499118
14499120
14499123
14499124
14499125
14499126
14499127
14499128
14499129
14499130
14499132
14499133
14499136
14499137
14499139
14499142
14499143
14499144
14499145
14499146
14499147
14499152
14499154
14499157
14499158
14499159
14499162
14499163
14499164
14499166
14499167
14499169
14499171
14499172
14499173
14499174
14499175
14499176
14499182
14499183
14499184
14499185
14499186
14499187
14499188
14499191
14499192
14499194
14499195
14499196
14499197
14499200
14499201
14499202
14499206
14499207
14499209
14499210
14499212
14499213
14499214
14499216
14499217
14499218
14499219
14499220
14499221
14499222
14499223
14499228
14499230
14499231
14499233
14499234
14499236
14499237
14499243
14499245
14499246
14499248
14499252
14499254
14499255
14499261
14499265
14499267
14499268
14499270
14499271
14499273
14499274
14499276
14499278
14499279
14499280
14499281
14499282
14499283
14499284
14499287
14499289
14499291
14499294
14499295
14499296
14499297
14499299
14499300
14499301
14499303
14499305
14499306
14499309
14499312
14499313
14499316
14499317
14499319
14499320
14499321
14499322
14499324
14499326
14499327
14499328
14499331
14499332
14499333
14499337
14499342
14499346
14499347
14499348
14499349
14499350
14499351
14499354
14499356
14499357
14499358
14499359
14499361
14499364
14499365
14499366
14499369
14499372
14499375
14499376
14499379
14499383
14499384
14499385
14499387
14499389
14499390
14499391
14499395
14499396
14499400
14499402
14499404
14499405
14499411
14499413
14499416
14499418
14499419
14499420
14499422
14499425
14499428
14499429
14499431
14499434
14499435
14499436
14499437
14499439
14499440
14499443
14499444
14499445
14499446
14499448
14499451
14499455
14499457
14499458
14499460
14499461
14499462
14499463
14499464
14499465
14499469
14499470
14499473
14499474
14499475
14499477
14499478
14499479
14499480
14499482
14499483
14499484
14499487
14499488
14499491
14499492
14499497
14499498
14499499
14499500
14499501
14499502
14499503
14499506
14499507
14499509
14499510
14499511
14499512
14499513
14499514
14499515
14499516
14499518
14499520
14499522
14499523
14499524
14499525
14499526
14499527
14499528
14499531
14499533
14499535
14499540
14499541
14499542
14499543
14499544
14499547
14499548
14499550
14499551
14499552
14499553
14499558
14499560
14499561
14499562
14499563
14499565
14499567
14499569
14499570
14499571
14499573
14499574
14499576
14499578
14499579
14499580
14499581
14499585
14499587
14499589
14499591
14499592
14499593
14499596
14499597
14499598
14499600
14499603
14499605
14499607
14499610
14499612
14499613
14499614
14499619
14499623
14499624
14499626
14499632
14499633
14499634
14499635
14499636
14499639
14499640
14499641
14499642
14499643
14499644
14499645
14499649
14499650
14499652
14499653
14499654
14499655
14499657
14499659
14499660
14499661
14499668
14499669
14499670
14499671
14499673
14499677
14499678
14499682
14499683
14499684
14499686
14499687
14499691
14499694
14499695
14499696
14499697
14499700
14499702
14499703
14499704
14499705
14499707
14499708
14499711
14499712
14499716
14499717
14499720
14499721
14499722
14499723
14499724
14499725
14499726
14499730
14499731
14499734
14499735
14499737
14499738
14499741
14499742
14499743
14499744
14499745
14499751
14499753
14499754
14499756
14499760
14499761
14499766
14499767
14499769
14499770
14499774
14499775
14499776
14499777
14499778
14499780
14499781
14499784
14499788
14499790
14499791
14499792
14499794
14499795
14499796
14499802
14499805
14499806
14499808
14499809
14499810
14499811
14499812
14499813
14499814
14499815
14499817
14499818
14499819
14499821
14499822
14499823
14499826
14499827
14499828
14499829
14499831
14499832
14499836
14499838
14499839
14499840
14499841
14499842
14499844
14499845
14499846
14499849
14499850
14499851
14499852
14499853
14499854
14499855
14499856
14499857
14499859
14499860
14499861
14499863
14499864
14499865
14499866
14499868
14499869
14499870
14499871
14499872
14499873
14499878
14499879
14499880
14499881
14499883
14499885
14499888
14499889
14499892
14499894
14499895
14499896
14499897
14499898
14499900
14499901
14499902
14499904
14499905
14499906
14499909
14499910
14499911
14499912
14499913
14499916
14499918
14499919
14499920
14499921
14499922
14499923
14499924
14499925
14499930
14499932
14499933
14499934
14499938
14499940
14499941
14499944
14499945
14499947
14499948
14499949
14499951
14499952
14499955
14499956
14499957
14499959
14499960
14499962
14499963
14499964
14499969
14499971
14499973
14499974
14499980
14499981
14499982
14499985
14499986
14499989
14499991
14499994
14499995
14499996
14499997
14499998
14499999
