13550947
13555872
13556985
13556998
13560687
13564463
13565262
13572257
13575451
13576082
13576086
13576097
13578876
13581018
13581110
13581407
13585560
13587573
13587578
13587666
13587711
13587719
13590326
13599465
13599624
13599821
13603018
13612011
13612028
13612062
13612654
13615801
13619333
13619477
13620211
13620219
13621370
13622694
13622699
13622714
13625528
13625817
13625902
13626000
13626104
13628490
13631901
13635648
13635757
13635999
13636102
13636118
13637703
13637721
13637861
13637893
13638028
13649645
13653184
13653776
13654104
13658837
13660290
13661313
13661747
13665072
13665820
13666068
13666248
13667176
13668139
13668173
13668545
13668748
13668775
13669620
13669680
13670101
13670163
13670244
13670392
13675888
13687403
13691968
13693039
13695214
13699559
13701063
13701323
13705579
13705591
13705623
13705636
13705685
13705687
13705696
13705702
13705709
13707202
13709288
13709779
13713450
13713546
13713863
13713933
13714033
13717605
13717617
13717755
13717778
13718215
13718279
13721378
13724182
13728398
13728678
13728967
13728993
13729021
13729049
13729072
13729078
13729079
13729103
13729162
13729439
13729544
13729570
13729801
13735228
13743797
13756280
13756342
13757292
13757468
13757517
13757554
13760359
13760360
13761099
13761101
13761170
13763996
13764599
13768403
13768464
13770703
13778530
13782415
13782668
13782723
13782862
13783042
13783405
13783604
13784418
13784809
13784827
13785500
13786107
13787517
13788579
13788619
13788692
13788851
13789266
13789559
13789738
13789958
13790019
13790209
13790610
13792457
13795056
13795433
13795723
13795943
13796400
13797111
13797851
13798869
13798873
13798876
13798907
13798909
13798911
13798920
13798923
13798924
13799320
13799406
13799454
13799785
13799812
13800958
13801217
13801360
13802109
13802177
13802287
13802360
13802410
13803531
13803572
13803795
13803861
13803942
13804918
13807493
13809362
13809530
13809859
13810138
13810580
13810587
13810591
13810616
13810646
13810648
13810658
13810672
13810682
13810687
13810693
13810702
13810710
13810715
13810721
13810725
13810734
13810736
13810741
13810748
13810803
13810810
13810816
13810823
13810829
13810835
13810840
13810844
13810847
13810855
13810860
13810867
13810872
13810880
13810884
13810888
13810891
13810896
13810898
13810905
13813057
13813567
13814688
13814747
13815255
13816665
13820957
13822566
13827123
13830175
13830298
13835556
13837781
13839954
13840971
13842039
13842182
13842818
13844678
13844681
13845351
13847275
13847315
13849526
13849538
13849629
13849652
13849697
13849709
13853060
13853062
13853186
13853208
13857645
13857647
13857648
13857803
13857805
13857809
13857981
13860741
13862186
13864061
13865509
13865621
13868534
13868595
13872426
13872578
13881696
13885953
13885973
13885976
13885989
13886018
13886027
13888452
13888455
13888457
13888835
13889066
13889317
13889817
13891439
13891588
13891593
13891610
13891727
13892420
13892728
13892760
13893279
13893416
13893658
13893915
13896602
13898213
13901248
13909875
13909933
13913025
13913214
13915079
13915115
13915531
13915753
13917680
13918729
13918830
13919074
13919372
13919425
13919457
13919495
13920680
13922145
13922250
13925186
13925249
13925880
13931847
13932774
13932841
13933270
13937938
13937953
13938522
13938573
13938591
13938984
13940561
13942354
13943690
13943691
13944387
13945494
13945527
13946147
13946169
13946189
13946290
13946385
13947198
13949128
13949232
13950779
13953061
13953080
13953538
13957127
13957297
13957525
13958383
13959954
13960432
13960745
13962071
13965916
13972291
13972646
13976007
13983273
13983286
13983671
13983690
13983721
13990545
13990781
13991122
13991657
13992821
13993476
13997334
13997346
13997685
13997730
13998638
14001053
14004467
14009335
14010065
14010105
14010398
14010885
14010908
14011669
14012237
14013988
14016428
14016459
14016469
14016514
14016524
14016544
14016560
14016564
14017119
14020127
14023511
14023516
14023526
14023535
14023538
14023543
14023549
14023553
14023557
14023562
14023568
14023574
14023583
14023589
14023618
14023623
14023627
14023631
14023633
14023637
14023644
14023649
14023654
14023655
14023659
14023667
14023671
14023675
14023679
14024698
14024753
14024766
14024770
14027248
14027256
14028600
14028628
14028957
14029004
14029069
14036835
14036839
14036930
14038390
14038507
14038643
14039084
14043631
14043638
14043649
14044872
14044904
14063042
14063899
14065530
14065533
14069272
14069336
14069408
14073811
14073833
14073903
14073906
14074726
14074782
14075014
14075963
14075968
14075972
14075980
14075987
14075994
14075999
14076007
14076015
14076024
14076113
14076123
14076128
14076135
14076145
14076149
14076154
14082396
14089426
14096516
14096929
14100260
14103951
14104487
14104499
14107784
14107787
14107801
14112718
14113844
14115134
14118175
14118713
14119409
14119558
14119582
14119604
14120624
14127270
14135387
14141868
14145096
14145297
14146196
14146487
14148537
14152563
14152565
14152568
14152576
14152579
14153933
14155597
14158355
14161630
14161696
14161891
14163928
14164745
14164933
14165413
14165561
14165564
14166354
14167757
14168924
14170106
14171601
14173446
14175904
14183621
14203914
14206110
14206119
14206530
14207111
14209631
14209781
14209982
14210336
14210984
14211859
14212430
14212436
14212441
14212445
14212450
14212456
14212458
14212464
14212470
14212477
14212479
14212484
14212487
14212493
14212501
14212507
14212512
14212516
14212520
14212524
14212528
14212534
14212551
14212559
14212562
14212568
14212573
14212576
14212580
14213632
14213773
14215665
14216614
14217161
14218764
14219910
14221922
14222026
14222115
14222118
14222433
14222666
14226073
14228663
14231477
14233128
14235529
14238054
14245522
14248048
14248057
14248330
14251303
14252169
14253242
14253311
14253555
14254988
14255071
14255591
14255600
14255750
14255764
14255853
14256469
14261818
14262256
14262418
14267097
14267811
14267925
14267958
14268005
14269042
14272038
14272389
14273716
14273729
14273730
14273740
14273747
14273782
14273784
14273788
14273791
14273802
14274247
14276136
14277221
14277286
14277456
14279592
14283666
14285505
14285563
14285710
14285713
14289125
14300118
14300556
14300754
14300794
14301103
14302869
14303323
14304054
14304861
14307064
14309965
14310199
14310210
14311658
14311685
14311719
14312135
14312858
14312871
14313339
14313404
14313823
14313956
14315422
14317694
14321696
14322402
14322403
14323682
14323685
14327287
14328433
14333718
14333997
14339262
14340271
14340273
14340321
14340386
14340432
14340458
14341159
14341978
14345381
14345795
14345846
14346189
14346315
14347391
14348918
14348922
14348923
14348926
14348932
14348934
14348991
14349012
14349065
14349084
14349328
14349335
14349340
14349341
14349345
14349347
14349350
14349353
14349363
14349382
14353330
14353347
14353567
14353923
14357187
14357208
14357961
14357964
14357969
14357971
14358075
14358078
14358105
14358108
14358111
14358114
14358116
14358120
14358124
14358129
14358131
14358134
14358138
14358142
14358147
14358152
14358157
14358160
14358167
14358171
14358177
14358180
14358183
14358187
14358190
14358193
14358200
14358206
14358213
14359927
14367375
14367377
14370611
14370629
14370686
14370692
14370702
14372308
14372431
14374023
14376320
14389940
14390326
14390795
14390801
14391097
14391112
14391224
14391292
14391417
14391677
14391795
14392763
14392765
14392769
14392772
14392774
14392777
14392779
14392780
14392781
14392784
14392787
14392788
14392794
14392796
14392813
14392815
14392818
14392820
14392821
14392823
14392826
14392827
14392829
14392843
14392847
14392848
14392850
14392853
14392857
14393440
14395652
14395860
14396137
14396690
14397724
14405313
14406281
14406282
14409252
14409255
14409267
14410733
14412601
14412608
14416351
14417815
14419776
14424999
14427949
14428361
14428423
14428970
14434321
14434324
14434325
14434505
14435528
14435763
14435771
14436052
14436146
14438740
14445908
14445912
14445913
14445920
14448623
14452883
14452907
14452925
14452943
14455359
14455372
14455376
14455385
14455389
14455391
14455748
14455924
14459581
14460745
14460766
14460843
14460866
14460883
14460901
14460991
14461001
14461026
14461040
14461080
14461289
14461332
14461354
14461408
14461430
14461446
14461500
14461517
14465374
14465405
14465414
14465722
14465797
14465839
14465881
14465894
14465915
14465954
14465992
14466017
14466030
14466037
14466069
14466190
14466193
14466201
14466209
14466215
14466313
14466321
14466590
14466591
14466626
14466629
14466633
14466635
14466638
14466650
14466652
14466657
14466661
14466663
14466669
14466677
14466679
14466683
14466686
14466687
14466735
14466861
14466883
14466886
14466895
14466898
14466902
14466908
14466912
14466914
14468853
14470379
14470885
14479877
14480257
14480310
14480427
14480762
14483463
14484676
14485059
14485238
14486909
14487477
14487756
14488956
14489321
14490387
14490515
14490525
14490568
14490798
14490917
14491033
14491967
14492455
14492635
14492641
14492648
14492650
14492655
14492662
14492667
14492677
14492681
14492755
14492791
14492899
14493154
14493319
14498801
14498805
14499982
