14494405
14494408
14494409
14494415
14494418
14494426
14494437
14494441
14494443
14494444
14494454
14494455
14494462
14494468
14494472
14494475
14494477
14494478
14494484
14494488
14494489
14494502
14494505
14494508
14494513
14494518
14494521
14494522
14494525
14494527
14494533
14494534
14494543
14494547
14494551
14494553
14494555
14494557
14494558
14494569
14494571
14494573
14494580
14494581
14494584
14494585
14494587
14494590
14494591
14494595
14494596
14494608
14494613
14494616
14494625
14494628
14494633
14494638
14494643
14494647
14494654
14494657
14494659
14494660
14494661
14494665
14494670
14494673
14494675
14494682
14494689
14494690
14494691
14494695
14494696
14494699
14494700
14494701
14494705
14494707
14494715
14494718
14494720
14494721
14494726
14494732
14494742
14494746
14494752
14494753
14494755
14494757
14494758
14494760
14494771
14494772
14494777
14494782
14494790
14494791
14494802
14494821
14494823
14494828
14494834
14494836
14494839
14494850
14494851
14494861
14494862
14494864
14494865
14494870
14494881
14494886
14494888
14494891
14494898
14494907
14494912
14494916
14494933
14494936
14494941
14494959
14494967
14494970
14494979
14494989
14494991
14494993
14494997
14494998
14495000
14495001
14495022
14495030
14495031
14495041
14495043
14495044
14495045
14495046
14495047
14495048
14495049
14495051
14495058
14495064
14495069
14495072
14495073
14495082
14495103
14495108
14495113
14495114
14495126
14495128
14495137
14495140
14495144
14495149
14495152
14495155
14495157
14495160
14495161
14495165
14495166
14495167
14495171
14495172
14495174
14495179
14495182
14495186
14495190
14495193
14495195
14495196
14495197
14495198
14495200
14495201
14495202
14495204
14495205
14495207
14495208
14495212
14495215
14495216
14495221
14495225
14495229
14495232
14495233
14495234
14495240
14495245
14495251
14495255
14495264
14495265
14495266
14495270
14495279
14495291
14495294
14495297
14495302
14495303
14495305
14495306
14495307
14495308
14495309
14495316
14495321
14495327
14495329
14495331
14495339
14495342
14495345
14495347
14495354
14495366
14495368
14495370
14495372
14495374
14495375
14495381
14495383
14495384
14495404
14495409
14495412
14495422
14495428
14495429
14495430
14495437
14495439
14495441
14495442
14495443
14495451
14495455
14495457
14495461
14495468
14495470
14495471
14495475
14495480
14495488
14495489
14495491
14495492
14495508
14495511
14495512
14495513
14495557
14495572
14495575
14495581
14495582
14495593
14495598
14495624
14495631
14495632
14495633
14495634
14495635
14495637
14495638
14495641
14495644
14495647
14495655
14495656
14495662
14495665
14495669
14495675
14495682
14495689
14495692
14495699
14495700
14495701
14495715
14495719
14495741
14495743
14495758
14495760
14495767
14495771
14495774
14495781
14495786
14495787
14495795
14495797
14495798
14495805
14495806
14495812
14495813
14495819
14495823
14495824
14495830
14495837
14495840
14495842
14495845
14495860
14495863
14495880
14495883
14495901
14495913
14495921
14495934
14495953
14495963
14495964
14495996
14495999
14496006
14496045
14496046
14496063
14496068
14496070
14496077
14496087
14496088
14496095
14496100
14496106
14496109
14496111
14496113
14496129
14496137
14496151
14496158
14496161
14496164
14496166
14496167
14496170
14496181
14496182
14496183
14496193
14496195
14496205
14496207
14496217
14496224
14496225
14496227
14496228
14496229
14496235
14496242
14496245
14496249
14496252
14496255
14496258
14496270
14496271
14496273
14496274
14496277
14496298
14496318
14496330
14496345
14496347
14496349
14496358
14496361
14496362
14496374
14496405
14496414
14496420
14496423
14496438
14496485
14496491
14496526
14496532
14496533
14496535
14496536
14496537
14496538
14496539
14496542
14496549
14496551
14496556
14496560
14496565
14496574
14496591
14496594
14496597
14496601
14496602
14496611
14496614
14496622
14496623
14496628
14496630
14496642
14496644
14496649
14496663
14496664
14496665
14496673
14496681
14496686
14496691
14496695
14496702
14496706
14496713
14496716
14496727
14496732
14496739
14496749
14496751
14496761
14496764
14496773
14496786
14496794
14496832
14496838
14496839
14496841
14496845
14496855
14496857
14496871
14496876
14496896
14496907
14496910
14496936
14496937
14496938
14496951
14496952
14496953
14496956
14496957
14496958
14496961
14496962
14496968
14496973
14496975
14496978
14496981
14496983
14496984
14496988
14496994
14497003
14497005
14497006
14497009
14497010
14497016
14497024
14497025
14497028
14497038
14497039
14497044
14497052
14497053
14497061
14497067
14497073
14497081
14497083
14497098
14497100
14497126
14497128
14497130
14497132
14497139
14497140
14497144
14497151
14497154
14497168
14497171
14497173
14497176
14497177
14497182
14497189
14497191
14497194
14497196
14497201
14497205
14497210
14497214
14497220
14497230
14497239
14497240
14497246
14497256
14497270
14497273
14497274
14497281
14497294
14497297
14497300
14497302
14497304
14497308
14497309
14497314
14497320
14497321
14497340
14497350
14497363
14497369
14497380
14497396
14497399
14497401
14497402
14497435
14497446
14497454
14497464
14497477
14497494
14497499
14497504
14497512
14497518
14497523
14497531
14497532
14497536
14497559
14497564
14497565
14497567
14497581
14497586
14497587
14497599
14497607
14497608
14497609
14497610
14497611
14497612
14497616
14497623
14497624
14497627
14497638
14497641
14497643
14497644
14497645
14497646
14497648
14497649
14497658
14497661
14497664
14497669
14497670
14497672
14497673
14497675
14497678
14497680
14497685
14497692
14497698
14497701
14497705
14497722
14497744
14497750
14497757
14497761
14497765
14497767
14497777
14497782
14497788
14497794
14497795
14497806
14497811
14497812
14497813
14497820
14497823
14497824
14497833
14497837
14497838
14497851
14497881
14497885
14497889
14497891
14497894
14497903
14497911
14497913
14497915
14497919
14497926
14497935
14497958
14497965
14497966
14497969
14497980
14497993
14497994
14498001
14498015
14498017
14498018
14498019
14498020
14498025
14498033
14498034
14498035
14498036
14498038
14498041
14498043
14498048
14498053
14498055
14498061
14498062
14498069
14498070
14498075
14498076
14498082
14498087
14498089
14498092
14498099
14498105
14498106
14498110
14498118
14498123
14498128
14498130
14498135
14498140
14498144
14498150
14498153
14498154
14498158
14498170
14498172
14498173
14498179
14498180
14498183
14498185
14498188
14498189
14498194
14498205
14498208
14498215
14498218
14498219
14498225
14498243
14498244
14498247
14498249
14498250
14498251
14498252
14498254
14498256
14498261
14498269
14498281
14498290
14498291
14498296
14498299
14498303
14498315
14498319
14498330
14498336
14498344
14498352
14498357
14498366
14498374
14498387
14498396
14498398
14498401
14498407
14498410
14498413
14498419
14498424
14498426
14498428
14498430
14498438
14498442
14498446
14498458
14498460
14498462
14498491
14498513
14498521
14498528
14498542
14498549
14498551
14498556
14498557
14498558
14498567
14498568
14498585
14498587
14498591
14498593
14498594
14498598
14498599
14498606
14498610
14498636
14498643
14498666
14498678
14498685
14498708
14498721
14498725
14498726
14498735
14498758
14498760
14498794
14498810
14498815
14498816
14498839
14498847
14498850
14498854
14498861
14498865
14498947
14498955
14498964
14498990
14498993
14499006
14499009
14499011
14499013
14499030
14499037
14499038
14499039
14499040
14499048
14499056
14499061
14499070
14499083
14499090
14499091
14499096
14499097
14499102
14499104
14499117
14499118
14499123
14499138
14499142
14499143
14499145
14499147
14499154
14499158
14499161
14499163
14499169
14499171
14499172
14499175
14499179
14499182
14499183
14499187
14499192
14499202
14499210
14499213
14499216
14499218
14499220
14499222
14499223
14499228
14499229
14499230
14499231
14499234
14499235
14499237
14499238
14499239
14499246
14499256
14499257
14499262
14499269
14499273
14499276
14499278
14499281
14499282
14499283
14499289
14499300
14499302
14499312
14499316
14499317
14499320
14499328
14499329
14499331
14499333
14499338
14499339
14499348
14499349
14499361
14499364
14499366
14499372
14499396
14499400
14499431
14499434
14499439
14499448
14499457
14499460
14499469
14499472
14499475
14499478
14499482
14499487
14499491
14499504
14499516
14499536
14499537
14499540
14499542
14499547
14499549
14499551
14499555
14499560
14499562
14499565
14499567
14499574
14499578
14499581
14499593
14499594
14499596
14499597
14499598
14499601
14499610
14499615
14499620
14499632
14499633
14499634
14499636
14499640
14499641
14499644
14499649
14499654
14499657
14499659
14499660
14499663
14499666
14499669
14499671
14499677
14499679
14499682
14499683
14499686
14499694
14499695
14499703
14499711
14499714
14499725
14499726
14499727
14499731
14499737
14499743
14499744
14499745
14499749
14499751
14499753
14499760
14499772
14499784
14499791
14499794
14499814
14499823
14499827
14499832
14499857
14499858
14499859
14499865
14499866
14499869
14499878
14499881
14499883
14499887
14499929
14499944
14499951
14499962
14499963
14499982
14499987
14499996
14499997
