14385141
14385186
14385192
14385248
14385277
14385295
14385303
14385486
14385505
14385624
14385877
14386049
14386052
14386475
14386906
14387009
14387276
14387281
14387487
14387527
14387599
14387610
14387728
14387732
14387963
14387979
14388287
14388483
14388484
14388867
14388875
14388882
14388884
14388903
14388914
14389068
14389089
14389297
14389319
14389322
14389372
14389402
14389517
14389522
14389600
14389621
14389626
14389669
14389690
14389700
14389722
14389732
14389743
14389758
14389769
14389775
14389785
14389822
14389826
14389916
14389954
14389963
14390049
14390061
14390210
14390247
14390266
14390283
14390449
14390457
14390461
14390473
14390497
14390580
14390583
14390684
14390696
14390892
14390924
14391192
14391293
14391657
14391789
14391802
14391833
14391835
14391839
14392006
14393007
14393412
14393417
14393457
14393464
14393466
14393469
14393474
14393730
14393759
14393776
14393901
14393906
14393913
14393917
14393925
14393926
14394054
14394059
14394162
14394241
14394438
14394529
14394536
14394697
14394818
14394876
14395273
14395278
14395293
14395299
14395310
14395327
14395418
14395425
14395455
14395558
14395564
14395673
14395684
14395980
14395999
14396075
14396080
14396604
14396651
14396794
14396849
14396997
14397142
14397243
14397250
14397252
14397259
14397276
14397279
14397328
14397442
14397451
14397459
14397630
14397923
14397941
14397942
14397946
14397951
14398124
14398129
14398134
14398210
14398220
14398253
14398351
14398360
14398418
14398426
14399252
14399253
14399254
14399612
14399702
14399914
14400165
14400180
14400284
14400289
14400532
14400634
14400680
14400717
14400828
14401091
14401383
14401921
14401949
14402124
14402132
14402134
14402147
14402600
14402653
14402655
14402656
14402668
14402674
14402816
14402939
14403119
14403146
14403325
14403734
14403855
14404058
14404400
14404726
14404741
14404751
14404771
14404889
14405030
14405032
14405303
14405348
14406145
14406205
14406206
14406209
14406261
14406267
14406465
14406474
14406552
14406567
14406576
14406606
14406673
14406712
14406722
14407254
14407456
14407644
14408371
14408397
14408436
14408506
14408522
14408549
14408561
14408562
14409132
14409335
14409369
14409389
14409709
14409717
14409817
14409927
14409944
14410115
14410136
14410141
14410151
14410174
14410176
14410253
14410255
14410267
14410719
14410750
14410754
14410995
14411146
14411308
14411562
14411620
14411766
14411873
14411881
14411885
14412041
14412297
14412473
14412716
14412719
14412763
14412838
14412916
14412930
14412958
14413701
14413839
14413912
14413923
14413929
14414436
14414452
14414454
14414843
14415078
14415093
14415120
14415127
14415185
14415193
14415204
14415281
14415291
14415490
14415503
14415522
14415587
14415718
14415969
14416090
14416092
14416204
14416213
14416220
14416364
14416411
14416547
14416552
14416557
14416561
14416644
14416653
14416655
14416678
14416867
14416888
14417125
14417255
14417273
14417548
14417581
14417633
14418060
14418066
14418221
14418229
14418257
14418263
14418295
14418674
14418681
14419661
14419840
14419920
14420060
14420141
14420162
14420191
14420211
14420438
14420463
14420483
14420656
14420896
14420929
14421144
14421147
14421154
14421257
14421521
14421590
14421863
14421865
14422001
14422032
14422083
14422112
14422209
14422211
14422215
14422333
14422371
14422502
14422507
14422508
14422521
14422733
14422753
14422863
14423019
14423101
14423102
14423120
14423127
14423189
14423465
14423860
14424072
14424550
14424595
14424696
14424782
14424807
14426023
14426081
14426091
14426144
14426176
14426317
14426331
14426352
14426374
14426681
14426821
14426928
14426940
14427127
14427257
14427349
14427354
14427580
14427583
14427656
14427707
14427714
14428142
14428147
14428199
14428301
14428359
14428361
14428390
14428391
14428405
14428432
14428443
14428604
14428672
14428700
14428716
14428718
14428721
14428724
14428728
14428741
14428748
14428750
14428756
14428902
14428966
14428987
14429007
14429122
14429647
14429683
14430037
14430904
14431190
14431570
14431710
14431930
14431937
14431999
14432473
14433258
14433560
14433565
14433580
14433974
14434226
14434236
14434371
14434484
14434553
14434555
14434560
14434577
14434584
14434597
14434663
14434823
14434835
14435063
14435435
14435467
14435727
14435810
14435812
14436144
14436146
14436158
14436387
14436416
14436425
14436427
14436430
14436431
14436436
14436474
14437423
14437445
14437972
14437975
14438014
14438098
14438653
14438656
14438658
14438679
14439034
14439147
14439268
14439272
14439278
14439295
14439333
14439347
14439375
14439631
14439646
14439670
14439673
14439679
14439681
14439684
14439921
14440008
14440018
14440036
14440048
14440155
14440179
14440579
14440906
14440989
14441079
14441274
14441346
14441395
14441450
14441457
14441458
14441460
14441462
14441698
14441727
14441802
14441964
14442342
14442727
14442906
14442968
14443161
14443196
14443367
14443462
14443492
14443906
14444303
14444488
14445044
14445117
14445472
14445667
14445682
14445683
14445954
14445995
14445999
14446728
14446730
14446732
14446748
14446752
14446755
14446769
14446772
14446776
14447402
14447426
14447433
14447456
14447471
14447477
14447686
14448234
14448357
14448430
14448638
14448714
14448716
14448731
14448737
14448740
14449688
14449844
14449853
14450316
14450365
14450370
14450375
14450383
14450572
14450575
14450688
14451379
14451384
14451844
14452089
14452153
14452157
14452668
14453413
14453471
14453482
14453502
14453548
14453585
14453684
14454060
14454389
14454519
14454542
14454709
14454794
14454841
14454853
14454889
14454984
14454994
14455001
14455165
14455303
14455644
14455802
14456258
14456369
14456389
14456684
14456845
14456863
14456873
14456875
14456907
14457133
14457148
14457186
14457546
14457565
14457802
14458642
14459818
14460115
14460438
14460538
14460549
14460588
14460677
14460784
14461005
14461254
14461371
14461535
14461571
14461749
14461880
14461885
14461922
14461925
14462024
14462061
14462205
14462206
14462265
14462270
14462673
14463166
14463205
14463213
14463336
14463383
14463447
14463480
14463645
14463889
14463950
14464173
14464313
14464419
14464584
14464648
14465225
14465250
14465522
14465578
14465615
14465640
14465767
14465890
14465895
14465901
14465914
14465918
14465921
14466021
14466033
14466037
14466499
14466513
14466760
14466763
14466770
14466774
14466869
14466943
14467075
14467097
14467234
14467358
14467363
14467430
14467433
14467458
14467464
14467489
14467494
14467500
14467511
14467513
14467516
14467526
14467527
14467552
14467554
14467559
14467560
14467667
14467684
14467686
14467697
14467713
14467914
14467919
14467926
14467942
14467996
14468007
14468010
14468012
14468014
14468016
14468022
14468027
14468036
14468040
14468043
14468046
14468049
14468063
14468078
14468097
14468107
14468139
14468307
14468662
14468900
14468914
14468919
14468927
14468928
14468935
14468939
14468951
14468953
14468956
14468965
14468966
14468972
14469113
14469123
14469128
14469136
14469142
14469544
14469564
14469582
14469604
14469631
14469646
14469648
14469696
14469698
14469992
14470380
14470509
14471050
14471059
14471062
14471142
14471267
14471268
14471281
14471313
14471316
14471472
14471581
14472006
14472289
14472309
14472320
14472366
14472496
14472503
14472578
14472823
14472833
14473012
14473053
14473061
14473063
14473073
14473099
14473442
14473853
14473855
14473856
14473868
14473889
14473947
14473984
14473986
14474020
14474112
14474114
14474118
14474150
14474218
14474286
14474414
14474517
14474560
14474603
14475041
14475276
14476671
14476677
14476681
14477062
14477065
14477092
14477280
14477323
14477330
14477344
14477436
14477712
14477888
14477892
14478390
14479209
14479262
14479547
14479813
14479851
14480192
14480364
14480387
14480405
14480421
14480436
14480478
14480485
14480547
14480548
14480649
14480783
14480881
14480894
14481384
14481410
14481482
14481486
14481487
14481490
14481500
14481507
14481513
14481522
14481597
14481712
14481809
14482132
14482206
14482667
14482999
14483221
14483393
14483514
14483527
14483546
14483938
14484021
14484026
14484300
14484320
14484333
14484353
14484371
14484412
14484418
14484567
14484584
14484585
14485150
14485199
14485329
14485411
14485425
14485484
14485519
14485586
14485637
14485656
14485754
14485888
14485945
14485949
14485955
14486257
14486264
14486322
14486357
14486410
14486438
14486483
14486569
14486613
14486629
14486651
14486991
14487151
14487279
14487783
14487797
14487810
14487884
14489939
14490240
14490741
14491033
14491130
14491480
14491484
14491560
14491805
14491997
14492372
14492387
14492543
14492854
14492919
14492926
14492950
14492951
14492991
14492994
14493086
14493099
14493229
14493273
14493310
14493336
14493337
14493341
14493359
14493378
14493384
14493398
14493408
14493413
14493484
14493891
14493896
14493947
14493953
14494086
14494092
14495273
14496003
14496018
14496060
14496080
14496161
14496172
14496182
14496544
14496575
14496893
14497025
14497063
14497065
14497067
14497069
14497084
14497623
14497698
14497784
14498309
14498547
14498564
14498598
14499010
14499078
14499148
14499216
14499283
14499370
14499750
