14391431
14391512
14391513
14391874
14392019
14392325
14392327
14392424
14392782
14392788
14392859
14392933
14392979
14392981
14393110
14393180
14393241
14393277
14393305
14393317
14393345
14393461
14393856
14393860
14393862
14394219
14394228
14394237
14394245
14394645
14394804
14394839
14394858
14394907
14394908
14394928
14395431
14395445
14395456
14395459
14395578
14395602
14395623
14396239
14396259
14396274
14397017
14397108
14397113
14397162
14397164
14397168
14397185
14398168
14398378
14398395
14398498
14398735
14398783
14399113
14399130
14399149
14399202
14399350
14399367
14399466
14399493
14399541
14399542
14399690
14399714
14399779
14399919
14399948
14400016
14400048
14400078
14400305
14400450
14400526
14400798
14400807
14400808
14400850
14400869
14400872
14400873
14400878
14400894
14401484
14401516
14401589
14401856
14401892
14401896
14401964
14401976
14402009
14402135
14402328
14402341
14402475
14402481
14402485
14402486
14402657
14402741
14402852
14402857
14403116
14403257
14403536
14404483
14405009
14405060
14405107
14405146
14405234
14405245
14405297
14405406
14405411
14405593
14405600
14405612
14405641
14405644
14408397
14408401
14408417
14408694
14409661
14409730
14410500
14410639
14410670
14411171
14411175
14411260
14411269
14411431
14411464
14411741
14411974
14412074
14412161
14412174
14412276
14412284
14412408
14412589
14412791
14412908
14412960
14413155
14413230
14413233
14413254
14413272
14413275
14413313
14413318
14413320
14414113
14414278
14414281
14414291
14415024
14415792
14416138
14416145
14416148
14416195
14416430
14416633
14416816
14417118
14417722
14417945
14418437
14418506
14418510
14418556
14418696
14418781
14418798
14418850
14418855
14418864
14418900
14418917
14419155
14419288
14419291
14419448
14419472
14419481
14419525
14419531
14419627
14419630
14419823
14419834
14419838
14420066
14420444
14420458
14420468
14421206
14422556
14423013
14423018
14423306
14423455
14423477
14423961
14423972
14424263
14424323
14424371
14424399
14424406
14424419
14424421
14425114
14425570
14425577
14425582
14425863
14426492
14426508
14427159
14427803
14427811
14427816
14427977
14428211
14428218
14428234
14428319
14428331
14428373
14428552
14429122
14429139
14429143
14429164
14429441
14429653
14429694
14429697
14429915
14429918
14430016
14430039
14430089
14430185
14430513
14430807
14430935
14430938
14430950
14430952
14430985
14430989
14431034
14431100
14431114
14431152
14431157
14431252
14431624
14431665
14431671
14431683
14431917
14432811
14433254
14433554
14433645
14433665
14433717
14433729
14433807
14433847
14433869
14433885
14434059
14434147
14434161
14434165
14434597
14434953
14435510
14435529
14435540
14435810
14435817
14435823
14435861
14436011
14437341
14437347
14437356
14437357
14438066
14438076
14438085
14438112
14438130
14438135
14438195
14438535
14438543
14438546
14438675
14438719
14438767
14438994
14439030
14439086
14439093
14439697
14439702
14439704
14439712
14439729
14439837
14439843
14439868
14439873
14439878
14439880
14440468
14440479
14440670
14440812
14440818
14441026
14441030
14441905
14442354
14442356
14442359
14442366
14442368
14442453
14442456
14442462
14442465
14442687
14442836
14442840
14442870
14443175
14443200
14443481
14443633
14443658
14443823
14444305
14444328
14444535
14444660
14444663
14444827
14444843
14444929
14445129
14445446
14445753
14445780
14445782
14445788
14445859
14445987
14445989
14446072
14446097
14446104
14446107
14446109
14446118
14446124
14446132
14446200
14446203
14446338
14446346
14446354
14446616
14446619
14446620
14446836
14446843
14446901
14446904
14446906
14447159
14447169
14447196
14447203
14447299
14447319
14447323
14447329
14447336
14447337
14447406
14447502
14447677
14447686
14447692
14447694
14447806
14448040
14448239
14448508
14448833
14448852
14448857
14448924
14449178
14449299
14449325
14449417
14449440
14449504
14449621
14449856
14449876
14449908
14450017
14450018
14450614
14450661
14450666
14450789
14450922
14450928
14450933
14451326
14452078
14452086
14452095
14452181
14452183
14452191
14452258
14452385
14452391
14452787
14453284
14453302
14453527
14453575
14453580
14453744
14453807
14453825
14453828
14454108
14454204
14454238
14454726
14454845
14454867
14455044
14455096
14455411
14455983
14457005
14457020
14457023
14457189
14457232
14457833
14457843
14457899
14457905
14457930
14458696
14458711
14459383
14459635
14460920
14461130
14461417
14461434
14461720
14461731
14461732
14461739
14461748
14461770
14461784
14462581
14462585
14463213
14463217
14463549
14464098
14464150
14464195
14464197
14464200
14464273
14464282
14464284
14464330
14464342
14464350
14464354
14464525
14464550
14464615
14464638
14464641
14464645
14464656
14464874
14464875
14464891
14464903
14464909
14464912
14465042
14465093
14465173
14465198
14465206
14465227
14465231
14465250
14465292
14465307
14465314
14465315
14465316
14465317
14465320
14465335
14465342
14465348
14465351
14465374
14465375
14465385
14465425
14465453
14465454
14465499
14465527
14465612
14465625
14465882
14465961
14466193
14466203
14466204
14466223
14466285
14466295
14466306
14466343
14466357
14466360
14466444
14466448
14466537
14466551
14466607
14466620
14466637
14466735
14466740
14466904
14466905
14466917
14466921
14466925
14466980
14467004
14467010
14467055
14467158
14467167
14467175
14467180
14467242
14467255
14467261
14467270
14467277
14467286
14467289
14467305
14467318
14467321
14467325
14467328
14467335
14467336
14467337
14467338
14467344
14467345
14467352
14467364
14467374
14467380
14467392
14467397
14467418
14467427
14467432
14467438
14467439
14467472
14467473
14467477
14467489
14467497
14467498
14467512
14467524
14467556
14467559
14467584
14467598
14467643
14467664
14467668
14467678
14468088
14468100
14468153
14468167
14468195
14468197
14468284
14468358
14468393
14468397
14468578
14468683
14468706
14468801
14468804
14468805
14468875
14468882
14468890
14468900
14468920
14469014
14469018
14469598
14469931
14470114
14470118
14470433
14470598
14470624
14470749
14471017
14471258
14471265
14471515
14471526
14471552
14471565
14471578
14471653
14471666
14471673
14471683
14471693
14471696
14471710
14471729
14471732
14471848
14471852
14471856
14471860
14473027
14473035
14473066
14473068
14473272
14473363
14473383
14473393
14473397
14473418
14473472
14473723
14473802
14473807
14473844
14473848
14474250
14474332
14474708
14474983
14475000
14475018
14475019
14475078
14475092
14475097
14475158
14475159
14475372
14475629
14475672
14476539
14476873
14476991
14477157
14477199
14477490
14477696
14477740
14477742
14477747
14477788
14477794
14477898
14477901
14477944
14478188
14478323
14478427
14478737
14479154
14479372
14479379
14479384
14479388
14479391
14479471
14479666
14479801
14479817
14479821
14479825
14479918
14479922
14480036
14480105
14480255
14480257
14480451
14480547
14480552
14480553
14480570
14480581
14480582
14480603
14480614
14480922
14481005
14481009
14481011
14481024
14481040
14481045
14481048
14481054
14481060
14481062
14481066
14481094
14481121
14481131
14481206
14481407
14481462
14481477
14481517
14482039
14482093
14482105
14482198
14482404
14482406
14482462
14482499
14482572
14482944
14482994
14483105
14483112
14483115
14483125
14483220
14483234
14483345
14483351
14483399
14483401
14483427
14483604
14483610
14483659
14483811
14483846
14483872
14484644
14484652
14484701
14484860
14484882
14484891
14485018
14485033
14485040
14485300
14485305
14486026
14486038
14486047
14486051
14486156
14486162
14486540
14486545
14486549
14486563
14486573
14486734
14486741
14486745
14487042
14487095
14487431
14487492
14487675
14487767
14487778
14487901
14487905
14488130
14489318
14489444
14489447
14489449
14489575
14489590
14489593
14489889
14490206
14490352
14490444
14490472
14490974
14491175
14491313
14491323
14491332
14491335
14491371
14491376
14491542
14491547
14491581
14491723
14491734
14491761
14491780
14491801
14491804
14491807
14491809
14491811
14491827
14491835
14491989
14492198
14492504
14492549
14492635
14492684
14492726
14492730
14492846
14492860
14493202
14493513
14493520
14493574
14493668
14493814
14494253
14494292
14494303
14494368
14494375
14494426
14494427
14494465
14494469
14494493
14494821
14494860
14494865
14494875
14494876
14494878
14494881
14494885
14494890
14494900
14494904
14494920
14494922
14494935
14494952
14494954
14494955
14494959
14494963
14494967
14494972
14494977
14494983
14494989
14494991
14495015
14495072
14495106
14495124
14495128
14495182
14495187
14495188
14495246
14495312
14495355
14495416
14495470
14495471
14495489
14495492
14495549
14495684
14495685
14495748
14495752
14495920
14496153
14496197
14496237
14496283
14496432
14496618
14496627
14496636
14496756
14496776
14496780
14497196
14497491
14497498
14497581
14497590
14497592
14497700
14497706
14497709
14497729
14497767
14497820
14497926
14498491
14498507
14498565
14498630
14498708
14498857
14499026
14499137
14499143
14499186
14499236
14499278
14499283
14499288
14499520
14499529
14499530
14499535
14499537
14499553
14499561
14499614
14499843
