14302604
14302865
14303016
14303039
14303588
14303900
14303903
14304555
14304802
14304815
14304828
14304833
14304839
14304843
14304845
14305170
14305176
14305512
14306240
14306581
14306682
14306683
14306754
14307437
14307786
14307980
14307981
14308185
14308292
14308445
14309154
14309519
14310032
14310481
14311059
14311963
14311972
14311977
14311981
14312358
14312532
14313060
14313119
14313329
14313593
14313594
14313685
14313772
14313972
14314017
14314268
14315091
14315732
14316452
14316579
14317450
14317557
14318259
14318295
14318296
14318493
14319082
14319083
14319382
14319415
14320044
14320060
14320947
14321092
14321133
14321589
14321779
14321787
14321794
14321799
14321800
14321827
14322213
14322247
14322465
14322482
14322536
14322651
14322856
14322916
14323640
14323716
14323722
14323765
14323813
14324147
14324214
14324515
14324680
14324784
14325447
14326470
14326471
14326826
14326855
14326866
14327438
14329007
14329029
14330357
14330840
14332356
14332534
14332675
14332768
14333025
14333119
14333310
14333670
14334053
14334054
14334056
14335018
14335159
14335267
14335672
14335677
14335703
14336054
14336542
14336594
14336911
14337085
14337086
14337092
14337401
14337501
14337508
14338493
14338553
14339061
14339574
14339658
14339680
14339683
14339934
14340074
14340169
14340221
14340305
14340429
14340430
14340946
14341048
14341052
14341053
14341095
14341110
14341534
14341540
14341605
14341607
14341618
14341628
14341787
14342469
14342529
14342662
14343344
14343646
14345608
14345874
14345963
14346287
14346759
14346858
14346865
14346982
14346987
14349414
14349417
14349428
14349429
14349566
14349577
14349859
14349862
14349900
14349933
14350316
14350716
14351174
14351202
14351222
14351853
14351857
14352056
14352077
14352187
14352388
14352722
14354427
14354442
14354485
14354509
14356139
14356149
14356178
14356186
14356218
14356724
14357180
14357330
14358191
14358194
14358627
14359661
14359774
14360840
14360847
14362726
14363393
14364791
14365009
14365286
14365851
14365852
14368239
14368579
14369007
14369008
14369739
14371566
14372563
14372689
14372788
14373072
14373103
14373484
14373488
14374587
14374699
14375606
14375785
14378443
14378468
14378895
14379251
14379265
14379377
14379386
14379699
14379715
14379868
14380839
14381295
14381409
14381444
14381462
14381467
14383892
14384660
14385091
14385092
14386504
14386507
14387018
14387319
14388203
14388704
14388711
14388804
14388831
14388863
14389684
14390743
14390816
14390870
14390871
14391440
14391473
14391475
14391487
14392504
14393404
14394250
14395148
14395349
14395967
14396314
14396370
14396392
14397200
14397656
14397807
14397969
14398677
14398765
14398945
14399296
14399353
14399604
14400307
14400379
14400590
14400669
14400733
14400941
14401030
14401046
14401883
14402051
14403262
14404160
14404780
14405038
14406281
14406730
14407442
14407558
14407561
14407844
14408498
14409070
14409083
14409583
14409638
14409652
14409655
14409821
14409830
14409948
14410299
14411583
14411712
14415606
14415621
14415622
14415681
14415932
14416014
14416063
14416081
14416149
14416161
14416171
14416373
14416403
14416425
14416472
14416502
14416506
14416510
14416588
14416599
14416600
14416611
14416613
14416621
14416631
14416635
14416636
14416645
14416656
14416661
14416666
14416671
14416678
14416680
14416684
14416690
14416701
14416748
14416948
14417133
14417140
14417166
14417225
14417247
14417249
14417251
14417260
14417264
14417332
14417454
14417510
14417599
14417728
14418069
14418086
14418224
14418282
14418283
14418827
14418945
14419379
14419851
14420535
14420723
14422448
14422451
14422692
14423018
14423054
14423055
14423123
14423138
14423505
14423964
14423992
14424027
14424032
14424041
14424042
14424044
14424047
14424050
14424068
14424082
14424103
14424120
14424269
14424273
14424274
14424278
14424279
14424290
14424299
14424302
14424310
14424313
14424315
14424321
14424323
14424326
14424462
14424483
14424606
14425016
14425601
14425988
14426001
14426012
14426084
14426085
14426300
14426318
14426338
14426477
14426488
14426500
14426534
14426567
14426599
14426600
14426602
14426603
14426621
14426632
14426640
14426706
14426731
14426786
14426940
14427971
14428346
14428354
14428359
14428462
14428537
14428540
14428552
14428563
14428615
14428670
14428676
14428860
14429454
14430151
14430157
14430252
14430254
14430257
14430397
14430498
14430584
14430587
14430598
14430602
14430706
14430707
14430708
14430738
14431479
14431564
14431980
14431982
14432370
14432375
14432382
14432563
14432645
14432822
14433396
14433398
14433492
14433494
14433508
14434201
14434284
14434406
14434407
14434416
14434438
14434677
14434904
14435774
14436171
14436406
14436459
14436709
14437233
14437234
14437363
14437384
14437385
14437393
14437394
14437403
14437421
14437724
14438324
14438380
14438422
14438638
14438747
14438767
14439309
14439478
14439604
14439827
14440057
14440332
14440336
14441373
14441951
14441958
14442155
14442167
14442769
14443227
14443292
14443638
14444299
14445107
14445537
14445554
14445585
14445729
14445734
14445820
14445821
14445973
14446027
14446575
14446969
14447226
14447823
14448482
14448486
14448508
14448680
14448947
14449385
14449786
14449791
14449811
14449910
14449916
14450067
14450670
14450959
14454682
14454692
14454823
14455708
14455745
14455788
14455909
14456028
14456029
14456106
14456216
14456285
14456341
14456445
14456634
14456643
14456747
14457417
14457450
14457655
14457703
14457840
14458495
14460169
14461036
14461211
14463465
14464594
14464730
14464785
14464793
14464798
14465461
14465462
14465463
14466489
14466490
14466491
14466669
14466932
14467837
14468365
14468711
14469435
14469457
14469466
14469801
14470455
14470531
14470698
14471032
14471552
14471556
14471743
14471848
14471918
14471934
14471944
14471947
14471952
14472289
14472311
14472713
14472881
14472882
14473177
14473182
14473200
14473203
14473205
14473207
14473222
14473226
14473229
14473230
14473233
14473243
14473258
14473277
14473278
14473303
14473481
14473502
14473509
14473586
14473753
14473767
14474275
14474432
14474975
14475019
14475027
14475037
14475047
14475059
14475060
14475067
14475089
14475109
14475187
14475188
14475197
14475200
14475217
14475238
14475247
14475383
14475491
14475495
14475511
14475863
14475872
14475891
14475920
14476243
14476286
14476340
14476439
14476529
14476751
14476783
14476818
14476843
14476847
14476854
14476855
14476873
14476879
14476883
14476891
14476892
14476906
14476907
14476908
14476912
14476913
14476914
14476915
14476920
14476921
14476955
14477044
14477047
14477088
14477089
14477138
14477196
14477211
14477226
14477237
14477425
14477554
14477577
14477821
14477857
14477858
14478222
14478243
14478338
14478371
14478377
14478394
14478448
14479244
14479327
14479336
14479343
14479489
14479566
14479574
14479614
14479621
14480033
14480034
14480061
14480074
14480075
14480160
14480191
14480193
14480216
14480405
14480414
14480509
14480521
14480535
14480584
14480651
14480672
14480735
14480772
14480783
14480893
14481303
14481313
14481319
14481353
14481446
14481463
14481464
14481559
14481560
14481710
14482033
14482036
14482113
14482119
14482122
14482156
14482157
14482997
14483071
14483072
14483125
14483147
14483434
14483466
14483503
14483674
14483907
14483915
14484168
14484224
14484233
14484277
14484291
14484428
14485203
14485995
14485999
14486314
14486421
14486423
14486660
14486753
14486961
14486991
14487252
14487253
14487256
14487298
14487443
14487444
14487446
14487447
14487450
14487453
14487457
14487465
14487471
14487474
14487481
14487488
14487491
14487493
14487494
14487502
14487503
14487504
14487508
14487511
14487514
14487571
14487602
14487616
14487653
14487734
14487735
14487835
14487845
14487893
14488075
14488098
14488118
14488119
14488120
14488121
14488122
14488252
14488393
14488395
14488482
14488514
14488537
14488561
14488577
14488712
14488739
14488740
14488768
14488785
14488877
14488900
14488912
14488980
14489011
14489204
14489256
14489272
14489297
14489308
14489319
14489415
14489474
14489475
14489498
14489527
14489616
14489625
14489639
14489642
14489742
14489753
14489755
14489759
14490226
14490251
14490363
14490364
14490366
14490572
14490799
14491038
14491061
14491133
14491136
14491137
14491153
14491246
14491255
14491277
14491278
14491290
14491307
14491374
14491380
14491397
14491398
14491411
14491412
14491421
14491425
14491436
14491446
14491468
14491481
14491490
14491517
14491536
14491551
14491649
14491675
14491677
14491761
14491766
14491831
14491853
14491856
14491925
14492447
14492783
14493151
14493252
14493256
14493261
14493493
14493567
14493809
14493859
14493875
14493876
14493885
14493889
14493928
14493953
14493963
14494005
14494063
14494169
14494259
14494295
14494355
14494374
14494377
14494390
14494402
14494477
14494483
14494758
14494760
14494818
14494830
14494913
14494926
14494928
14494938
14494987
14495058
14495061
14495123
14495206
14495215
14495240
14495246
14495248
14495621
14495622
14495675
14495701
14495764
14497061
14497490
14497535
14497565
14497828
14497830
14497834
14498128
14498258
14498397
14498844
14499144
14499327
