14494769
14494777
14494781
14494794
14494802
14494803
14494805
14494816
14494820
14494828
14494842
14494843
14494845
14494849
14494850
14494853
14494863
14494865
14494867
14494870
14494872
14494882
14494883
14494885
14494887
14494896
14494898
14494899
14494901
14494907
14494913
14494921
14494923
14494925
14494931
14494943
14494945
14494956
14494959
14494960
14494961
14494963
14494964
14494969
14494973
14494975
14494977
14494979
14494980
14494984
14494985
14494987
14494989
14494992
14494993
14494995
14494996
14495005
14495007
14495018
14495024
14495027
14495030
14495032
14495034
14495035
14495047
14495056
14495060
14495068
14495070
14495072
14495074
14495085
14495086
14495104
14495106
14495113
14495116
14495121
14495127
14495129
14495130
14495141
14495149
14495152
14495154
14495156
14495160
14495167
14495188
14495189
14495196
14495200
14495202
14495204
14495207
14495210
14495215
14495216
14495217
14495222
14495223
14495226
14495227
14495235
14495237
14495240
14495241
14495247
14495252
14495255
14495257
14495269
14495273
14495281
14495282
14495284
14495288
14495300
14495307
14495308
14495320
14495327
14495329
14495335
14495336
14495343
14495355
14495377
14495388
14495389
14495392
14495410
14495426
14495433
14495451
14495458
14495459
14495460
14495461
14495472
14495476
14495481
14495492
14495494
14495495
14495497
14495499
14495514
14495517
14495518
14495525
14495550
14495556
14495557
14495567
14495576
14495577
14495588
14495589
14495591
14495592
14495594
14495601
14495605
14495611
14495613
14495614
14495615
14495624
14495625
14495628
14495635
14495640
14495648
14495651
14495653
14495662
14495663
14495668
14495679
14495686
14495689
14495695
14495697
14495701
14495704
14495714
14495715
14495719
14495723
14495724
14495728
14495730
14495734
14495738
14495741
14495742
14495743
14495745
14495757
14495759
14495762
14495766
14495777
14495779
14495780
14495786
14495800
14495801
14495805
14495807
14495808
14495815
14495819
14495823
14495831
14495841
14495843
14495846
14495859
14495864
14495866
14495868
14495871
14495880
14495881
14495890
14495911
14495912
14495915
14495924
14495932
14495935
14495940
14495941
14495950
14495957
14495961
14495967
14495970
14495972
14495974
14495975
14495976
14495981
14495985
14495996
14495999
14496007
14496014
14496018
14496025
14496034
14496036
14496043
14496045
14496047
14496051
14496052
14496061
14496083
14496111
14496116
14496123
14496131
14496133
14496137
14496138
14496139
14496140
14496142
14496145
14496151
14496161
14496163
14496167
14496171
14496176
14496184
14496189
14496190
14496191
14496192
14496198
14496199
14496200
14496208
14496210
14496217
14496218
14496223
14496229
14496230
14496231
14496233
14496236
14496238
14496239
14496243
14496255
14496256
14496259
14496260
14496261
14496276
14496277
14496279
14496291
14496294
14496301
14496303
14496306
14496308
14496314
14496316
14496318
14496321
14496340
14496341
14496344
14496345
14496349
14496350
14496374
14496375
14496390
14496392
14496394
14496398
14496400
14496408
14496409
14496414
14496427
14496431
14496434
14496443
14496447
14496454
14496462
14496466
14496475
14496479
14496487
14496489
14496490
14496491
14496497
14496504
14496508
14496510
14496523
14496524
14496527
14496532
14496544
14496549
14496551
14496556
14496566
14496572
14496584
14496587
14496592
14496594
14496600
14496608
14496618
14496632
14496636
14496637
14496640
14496652
14496653
14496657
14496660
14496664
14496676
14496677
14496678
14496681
14496683
14496688
14496689
14496692
14496693
14496695
14496697
14496698
14496701
14496703
14496713
14496719
14496726
14496736
14496743
14496752
14496756
14496764
14496772
14496783
14496794
14496797
14496802
14496810
14496811
14496814
14496817
14496828
14496841
14496845
14496862
14496864
14496867
14496872
14496877
14496878
14496886
14496892
14496894
14496899
14496902
14496904
14496906
14496907
14496909
14496910
14496911
14496912
14496913
14496914
14496918
14496919
14496922
14496929
14496934
14496937
14496939
14496940
14496942
14496943
14496944
14496945
14496947
14496951
14496954
14496956
14496958
14496962
14496963
14496964
14496965
14496974
14496975
14496980
14496983
14496986
14496991
14496992
14496996
14496998
14497002
14497006
14497009
14497010
14497011
14497014
14497018
14497019
14497024
14497025
14497026
14497028
14497033
14497039
14497044
14497046
14497047
14497051
14497061
14497062
14497063
14497064
14497068
14497069
14497071
14497077
14497078
14497083
14497092
14497094
14497096
14497099
14497101
14497105
14497106
14497109
14497110
14497114
14497133
14497155
14497157
14497160
14497164
14497172
14497173
14497174
14497180
14497182
14497184
14497186
14497190
14497199
14497202
14497213
14497217
14497218
14497219
14497221
14497223
14497225
14497226
14497227
14497230
14497243
14497247
14497249
14497250
14497253
14497261
14497264
14497267
14497268
14497269
14497273
14497281
14497282
14497284
14497292
14497294
14497316
14497321
14497337
14497338
14497348
14497353
14497355
14497358
14497363
14497364
14497365
14497368
14497369
14497371
14497372
14497373
14497377
14497378
14497381
14497382
14497384
14497387
14497388
14497389
14497390
14497391
14497392
14497394
14497395
14497396
14497398
14497399
14497400
14497401
14497402
14497403
14497407
14497408
14497409
14497411
14497414
14497416
14497419
14497421
14497422
14497426
14497431
14497435
14497438
14497440
14497445
14497446
14497454
14497463
14497466
14497469
14497474
14497477
14497481
14497484
14497492
14497498
14497504
14497515
14497523
14497531
14497534
14497538
14497540
14497548
14497552
14497555
14497562
14497565
14497566
14497569
14497570
14497571
14497575
14497582
14497584
14497602
14497606
14497608
14497610
14497612
14497614
14497616
14497618
14497623
14497624
14497626
14497628
14497630
14497633
14497637
14497638
14497640
14497645
14497646
14497651
14497652
14497653
14497654
14497655
14497657
14497658
14497664
14497665
14497666
14497667
14497672
14497675
14497678
14497680
14497681
14497682
14497683
14497684
14497685
14497687
14497689
14497691
14497692
14497693
14497694
14497696
14497697
14497698
14497699
14497700
14497701
14497702
14497707
14497709
14497714
14497717
14497720
14497721
14497722
14497724
14497735
14497736
14497737
14497740
14497745
14497746
14497750
14497752
14497755
14497761
14497763
14497768
14497774
14497775
14497778
14497785
14497791
14497794
14497795
14497798
14497799
14497803
14497810
14497813
14497814
14497823
14497828
14497829
14497831
14497849
14497854
14497862
14497878
14497886
14497890
14497894
14497899
14497903
14497906
14497907
14497910
14497920
14497926
14497930
14497937
14497940
14497944
14497946
14497947
14497948
14497949
14497953
14497956
14497957
14497958
14497967
14497974
14497977
14497981
14497989
14497992
14497995
14498000
14498001
14498003
14498006
14498011
14498016
14498017
14498018
14498019
14498020
14498022
14498025
14498030
14498033
14498035
14498050
14498051
14498052
14498053
14498055
14498067
14498077
14498080
14498081
14498085
14498086
14498089
14498093
14498098
14498099
14498101
14498102
14498106
14498109
14498110
14498112
14498113
14498114
14498115
14498119
14498121
14498127
14498129
14498133
14498135
14498144
14498147
14498150
14498155
14498160
14498161
14498166
14498167
14498179
14498188
14498196
14498199
14498200
14498206
14498210
14498221
14498222
14498230
14498260
14498270
14498278
14498286
14498296
14498302
14498313
14498321
14498325
14498336
14498351
14498368
14498404
14498411
14498420
14498424
14498427
14498431
14498440
14498444
14498448
14498454
14498455
14498462
14498463
14498464
14498469
14498472
14498477
14498481
14498485
14498490
14498491
14498495
14498503
14498505
14498537
14498545
14498548
14498551
14498562
14498579
14498581
14498590
14498623
14498633
14498636
14498647
14498658
14498680
14498710
14498723
14498739
14498767
14498782
14498789
14498797
14498806
14498814
14498819
14498830
14498842
14498860
14498861
14498867
14498870
14498874
14498889
14498893
14498902
14498908
14498928
14498931
14498932
14498933
14498935
14498937
14498941
14498945
14498947
14498949
14498952
14498955
14498957
14498958
14498959
14498961
14498963
14498964
14498965
14498967
14498976
14498977
14498978
14498979
14498980
14498987
14498990
14498992
14498993
14499002
14499020
14499029
14499045
14499048
14499049
14499058
14499081
14499082
14499092
14499098
14499120
14499125
14499126
14499129
14499172
14499181
14499186
14499189
14499203
14499212
14499233
14499234
14499236
14499255
14499260
14499261
14499262
14499269
14499292
14499295
14499317
14499328
14499330
14499333
14499347
14499350
14499354
14499355
14499358
14499363
14499370
14499386
14499390
14499391
14499407
14499453
14499458
14499461
14499470
14499487
14499491
14499499
14499515
14499516
14499525
14499533
14499544
14499552
14499553
14499610
14499618
14499620
14499629
14499655
14499667
14499698
14499714
14499724
14499758
14499772
14499782
14499785
14499797
14499812
14499814
14499819
14499821
14499847
14499848
14499878
14499890
14499893
14499898
14499899
14499911
14499914
14499919
14499921
14499940
14499957
14499968
