13953894
13955357
13958427
13959875
13960301
13960352
13962370
13963457
13966168
13966288
13966436
13966480
13967008
13967435
13970990
13972455
13973030
13973608
13974187
13974221
13976365
13977180
13978533
13980742
13980753
13981183
13982562
13982906
13982960
13983065
13984529
13984541
13984864
13985077
13986201
13987645
13988071
13988252
13988945
13989110
13989910
13991192
13991319
13991320
13992422
13993162
13993312
13995240
13995724
13995863
13996325
13998039
13998331
13999175
13999433
13999977
14000049
14000861
14000901
14001209
14003166
14003167
14003169
14003171
14003299
14003878
14004826
14006499
14007194
14008927
14009345
14009348
14010402
14011058
14012572
14012633
14012634
14012720
14014786
14014787
14015730
14015937
14017169
14022642
14023508
14023561
14025873
14026702
14026950
14027514
14027722
14027994
14028106
14028377
14029668
14029686
14030345
14031194
14031459
14032576
14033329
14033497
14033597
14038250
14038288
14039013
14040542
14040543
14040996
14040997
14040998
14041000
14041001
14041198
14041560
14041744
14041772
14042675
14042678
14042689
14042824
14043855
14044097
14044298
14045400
14045423
14045622
14045624
14045631
14046479
14047736
14047738
14047810
14047811
14048409
14048439
14048452
14048478
14048995
14049605
14050689
14052183
14054031
14055389
14058674
14060298
14060299
14061482
14066060
14070343
14071159
14071341
14072502
14072631
14072728
14073998
14074018
14076466
14077002
14079907
14079933
14082352
14083120
14083124
14083125
14083146
14083150
14083151
14083153
14083160
14084331
14084594
14084758
14085688
14086203
14088997
14089682
14090228
14091487
14091832
14092286
14092647
14092667
14092982
14093108
14093194
14093282
14093316
14093456
14093806
14093820
14093821
14094824
14094863
14094874
14094892
14096428
14096566
14097307
14097696
14098255
14098479
14099442
14099809
14101087
14102443
14102444
14102883
14103249
14104422
14105007
14105486
14107610
14109420
14110995
14111028
14111070
14111143
14111187
14112528
14112712
14112869
14112902
14112926
14113711
14115453
14115501
14115504
14115505
14117307
14117343
14117490
14117545
14117546
14117547
14117549
14117995
14118296
14119243
14119718
14120162
14122245
14122839
14122871
14122912
14123986
14124085
14125244
14125666
14127230
14127405
14127456
14128026
14128027
14128500
14128583
14128768
14129438
14129767
14130270
14130342
14132581
14133623
14133869
14133967
14133988
14140492
14140563
14140570
14141829
14141832
14142413
14143075
14143223
14143673
14143724
14143776
14143822
14147401
14147417
14147554
14147692
14147693
14152485
14157484
14158836
14158851
14159553
14159704
14160838
14160964
14162631
14162854
14164308
14165274
14165295
14165571
14165636
14166378
14166540
14166561
14167841
14167842
14167843
14168504
14168533
14169514
14170226
14170478
14171486
14171505
14172726
14172850
14172942
14173097
14174016
14174776
14176123
14176175
14176396
14177186
14177198
14177212
14177221
14177227
14177239
14177245
14177254
14177259
14178073
14178566
14179304
14180291
14180983
14182639
14182805
14182815
14182829
14182965
14183325
14183446
14183447
14183448
14184361
14184722
14185806
14185963
14186492
14186670
14186679
14186688
14186890
14186900
14187284
14187318
14187319
14187320
14187330
14187367
14187878
14187894
14188311
14188312
14188962
14189093
14189110
14189115
14189126
14189956
14190631
14192285
14192543
14195053
14195118
14196051
14196091
14196092
14196093
14196095
14196098
14196102
14196105
14196122
14196129
14196130
14196131
14196132
14196133
14196134
14196136
14196138
14196141
14196171
14196173
14196174
14196175
14196177
14196189
14196196
14196201
14196219
14196220
14196221
14196223
14196224
14196225
14196230
14196234
14196271
14196383
14196438
14196521
14196637
14196931
14197654
14197942
14197974
14197983
14197997
14198069
14198077
14199454
14199640
14200338
14201225
14202214
14202215
14202216
14202217
14202414
14202439
14202440
14202492
14202509
14202510
14202578
14202634
14202635
14203676
14205922
14206344
14206367
14206999
14207250
14207726
14207727
14207728
14207730
14208357
14209670
14209680
14210997
14211667
14211668
14211674
14211704
14211705
14211706
14211731
14211732
14211735
14211754
14212700
14213192
14213243
14213431
14213960
14214057
14214059
14214062
14214063
14214066
14214067
14214069
14214079
14215025
14217320
14218263
14219012
14219738
14220112
14220875
14221116
14222181
14222263
14225342
14225460
14225461
14226058
14226340
14226634
14227214
14230925
14231011
14231681
14231741
14231892
14232801
14233623
14234181
14236240
14236680
14239629
14239630
14241613
14244009
14244010
14244781
14244952
14246340
14247795
14249008
14249009
14249014
14249056
14249064
14249067
14249068
14249071
14249112
14249899
14250012
14250826
14250879
14251854
14252144
14252195
14252196
14252199
14252656
14253095
14253581
14253705
14253932
14255046
14255145
14257833
14259409
14260028
14260029
14260031
14263310
14263688
14263890
14265981
14266446
14267724
14268443
14268482
14268585
14268587
14268588
14268589
14268595
14268600
14268601
14268605
14268607
14268614
14268625
14268626
14268644
14268650
14268665
14268699
14268700
14268858
14268859
14268860
14268861
14268862
14268864
14268865
14268868
14268871
14268873
14268875
14268878
14268881
14268885
14269253
14269906
14270195
14270626
14270652
14272586
14273371
14273373
14274364
14274628
14274630
14275100
14275141
14276006
14276106
14276580
14276588
14277861
14279186
14279393
14279656
14279693
14280591
14280764
14281696
14283025
14283058
14283059
14283060
14285510
14286776
14288480
14288620
14290184
14290897
14291545
14291562
14291572
14291735
14292730
14292731
14293104
14293682
14294022
14294165
14294250
14295061
14295140
14295147
14295156
14297213
14297237
14297238
14297241
14298248
14299782
14299783
14299785
14299815
14300178
14301105
14301898
14301948
14301950
14301969
14301972
14301983
14301985
14301998
14302125
14302717
14302718
14302786
14303163
14303546
14304620
14304856
14305864
14306640
14307947
14308545
14308631
14311737
14312120
14312121
14312275
14312603
14312604
14312623
14312977
14313411
14313433
14313468
14313526
14313981
14314166
14314582
14314850
14314853
14314857
14314858
14314861
14314862
14314863
14314871
14314878
14315331
14318494
14318663
14319084
14319314
14320802
14320803
14320923
14320924
14321879
14324719
14326547
14326681
14326787
14327437
14327468
14327529
14328856
14328880
14328881
14330558
14330572
14331069
14335834
14336113
14338541
14338740
14338917
14340081
14340088
14340089
14341233
14341276
14342641
14344434
14344539
14344915
14344970
14344972
14344975
14344981
14344985
14345008
14345019
14345034
14345320
14346267
14346425
14346468
14347104
14347334
14348041
14348108
14348487
14350717
14350898
14350959
14350988
14350999
14351007
14351540
14352170
14352919
14353077
14353195
14354410
14354412
14354664
14354959
14355008
14356545
14357463
14357548
14359558
14359567
14360112
14361711
14364978
14364980
14365419
14366481
14366482
14366483
14366614
14367439
14367513
14367518
14367658
14367684
14367717
14367718
14367796
14368088
14368089
14370281
14370774
14372172
14372590
14373904
14374383
14374682
14374733
14374754
14375094
14375556
14375582
14375600
14378509
14378689
14378814
14378861
14379086
14379303
14379680
14379990
14379991
14379993
14380969
14381547
14382853
14383235
14385197
14385624
14385626
14385638
14385639
14385651
14385677
14385708
14386514
14387461
14387989
14388000
14388196
14388217
14390313
14393430
14394404
14394557
14398926
14399082
14399518
14399933
14401904
14402156
14402157
14402158
14402159
14402985
14403324
14403363
14403364
14405913
14406131
14406133
14406557
14406560
14407496
14411856
14412232
14412948
14413468
14413721
14414054
14414163
14414252
14415049
14416340
14417143
14418585
14418922
14419466
14420609
14420619
14420633
14424522
14424765
14425755
14428273
14431022
14431573
14431595
14431596
14431597
14432652
14433029
14434078
14435151
14436469
14436475
14436999
14437302
14438215
14438366
14438700
14438702
14438735
14438738
14438742
14438745
14438748
14439167
14441364
14445043
14445069
14445105
14445119
14445120
14445141
14445156
14445157
14445158
14445174
14445175
14445176
14445191
14445192
14445202
14445204
14445205
14445222
14445223
14445228
14445229
14445285
14445286
14446068
14448431
14448432
14448433
14448637
14449723
14450185
14450521
14450776
14451446
14452100
14453325
14455892
14456451
14459865
14460440
14460568
14460741
14461034
14463771
14465882
14466969
14469819
14470983
14473362
14473399
14473431
14474001
14474002
14474323
14474324
14474808
14474810
14474811
14474812
14474813
14474816
14474892
14474893
14474894
14474895
14475037
14475062
14475120
14476127
14476161
14476595
14476702
14478729
14480216
14480250
14480599
14482211
14483050
14484300
14484499
14485497
14485515
14486129
14488526
14488719
14488736
14490957
14491271
14492563
14493059
14494087
14494122
14494237
14494238
14494272
14494273
14494358
14494360
14494681
14494682
14494945
14495619
14495677
14495704
14495706
14495817
14496098
14496961
14497294
14498219
14498649
14499151
