14040184
14040231
14040272
14040277
14040341
14040414
14040431
14040485
14040506
14040509
14040658
14040727
14040854
14040992
14041314
14041515
14042057
14042066
14042131
14042186
14042333
14042682
14042752
14042952
14042969
14043010
14043038
14043300
14043352
14043521
14043836
14043966
14044029
14044446
14044474
14044521
14044723
14044816
14044843
14044925
14044967
14045225
14045250
14045394
14045537
14045564
14045829
14046261
14046296
14046438
14046571
14046670
14046738
14046751
14046775
14047448
14047474
14047504
14048387
14048498
14048643
14048852
14048906
14049015
14049052
14049732
14049742
14049745
14049935
14050524
14050582
14050671
14050815
14050973
14050998
14051025
14051048
14051178
14051456
14051641
14051870
14051977
14052002
14052006
14052014
14052039
14052168
14052177
14052386
14052670
14052688
14052694
14052707
14053784
14053819
14053956
14053970
14053984
14053997
14054076
14054079
14054270
14054371
14054399
14054473
14054494
14054504
14054622
14054679
14054714
14054963
14055427
14055665
14055707
14055741
14055959
14056146
14056252
14056434
14056480
14056573
14056590
14056914
14057233
14057289
14057310
14057504
14057616
14057649
14057666
14058196
14058228
14058721
14059387
14059461
14059610
14059728
14059793
14059802
14059862
14059871
14059896
14060002
14060068
14060186
14060230
14060283
14060301
14060322
14060346
14060392
14060420
14060524
14060577
14060692
14060978
14060999
14061084
14061129
14061150
14061282
14061334
14061404
14062749
14062835
14063046
14063355
14063372
14063421
14064042
14064284
14064393
14064504
14064857
14065185
14065196
14065214
14065761
14066278
14066365
14066388
14066437
14066558
14067855
14067893
14067989
14068033
14068353
14068368
14068427
14068496
14068571
14069004
14069300
14069322
14069713
14069812
14070024
14070071
14070234
14070464
14070789
14070815
14070818
14070841
14071299
14071766
14071904
14072103
14072289
14072935
14073058
14073220
14073301
14073306
14073670
14073674
14073688
14073700
14075065
14077657
14077724
14077820
14078456
14078769
14078856
14079234
14079253
14079366
14079642
14079980
14081218
14081227
14081258
14081403
14081473
14082030
14082616
14083274
14083355
14083489
14083492
14083871
14083884
14083957
14084277
14084383
14084399
14084425
14084428
14084678
14085039
14085111
14085198
14085220
14085474
14085543
14085777
14086037
14086593
14086953
14086992
14087118
14088140
14088400
14088701
14088711
14088978
14089000
14089487
14090306
14090811
14090826
14091524
14091627
14091750
14091760
14091880
14091897
14092389
14092407
14092509
14092511
14092736
14092751
14092842
14094198
14094903
14095054
14095274
14095332
14095850
14098287
14098579
14099209
14100298
14100858
14100998
14101058
14101751
14101824
14102142
14102245
14102811
14102915
14103133
14103272
14103721
14103734
14103782
14104562
14104832
14106109
14106438
14106495
14106597
14106711
14106858
14108516
14108777
14108944
14108970
14109138
14109168
14109207
14109784
14109935
14112739
14113008
14113246
14113377
14114503
14115000
14115803
14115847
14115855
14115866
14116347
14116856
14117140
14117888
14117995
14118289
14118415
14118713
14118757
14119172
14119330
14119345
14119489
14119794
14120417
14120450
14120471
14120506
14121475
14121648
14121690
14123713
14125707
14126070
14126511
14126538
14127731
14127787
14128708
14128782
14128960
14128989
14129394
14130068
14130454
14130784
14130981
14131002
14133004
14133162
14133300
14133336
14133775
14134678
14135633
14136834
14137261
14137934
14138560
14138621
14139085
14139180
14140150
14140255
14141694
14143039
14143062
14143303
14143656
14143657
14143670
14146037
14146148
14146184
14146205
14146214
14146337
14148583
14148836
14150146
14151278
14151304
14151384
14151685
14153136
14153556
14154064
14154473
14154552
14154567
14154956
14155439
14155935
14156748
14158412
14158856
14159008
14159876
14160307
14160577
14160597
14160617
14160657
14160867
14161309
14161996
14163832
14163853
14164082
14164146
14164467
14164765
14165998
14166312
14166316
14166403
14166551
14166989
14167626
14168485
14168526
14168680
14169095
14169317
14169410
14169641
14169671
14170634
14170690
14170750
14171997
14173968
14174036
14174355
14175987
14177449
14177454
14177949
14178353
14179192
14179416
14181051
14181064
14181555
14181672
14181700
14182445
14183097
14183821
14183833
14183839
14184034
14184102
14184266
14185134
14185766
14185777
14185799
14185963
14186103
14187591
14188031
14189949
14190612
14190824
14192751
14193180
14193925
14194098
14194159
14194251
14194437
14194465
14194524
14194550
14194554
14194555
14194574
14194576
14194595
14194613
14194626
14194641
14194643
14194957
14195058
14195138
14196268
14196314
14196790
14196896
14196913
14197542
14198547
14198847
14202826
14203203
14203463
14203612
14204316
14206899
14206927
14207775
14208653
14208685
14208730
14209147
14209843
14209960
14210047
14211146
14211827
14212567
14212724
14212729
14212935
14213054
14213392
14213607
14214317
14214519
14214973
14215010
14215046
14215154
14215476
14217084
14217251
14217268
14218506
14219072
14219457
14219462
14220324
14220956
14223031
14223426
14224278
14224890
14225001
14225190
14225243
14225262
14225289
14225373
14225462
14225598
14225760
14226107
14226523
14227428
14229839
14231154
14231274
14232110
14232163
14232469
14232494
14232654
14232671
14234016
14234884
14234991
14235111
14235115
14235131
14236724
14239400
14239843
14240785
14240796
14241368
14241539
14241615
14241680
14242212
14244139
14244156
14245399
14245450
14245487
14245996
14248353
14249522
14251771
14251921
14252795
14253846
14253911
14256081
14257681
14258910
14259161
14259168
14259175
14260379
14261698
14262102
14262350
14262963
14263147
14263209
14264250
14266118
14266969
14267083
14267116
14268571
14268833
14269409
14269810
14273132
14279776
14280744
14283642
14283652
14285384
14285982
14286010
14288769
14288966
14289341
14290665
14295162
14295203
14295338
14296159
14296653
14296921
14297697
14297868
14299016
14300611
14301657
14302486
14303142
14305900
14305927
14305964
14305990
14306412
14306470
14306551
14307394
14307555
14307860
14308147
14309433
14310600
14313580
14313657
14313893
14314698
14315142
14315229
14316127
14316452
14316470
14318890
14319694
14320358
14320784
14320903
14322155
14323023
14323515
14326418
14326705
14328298
14328687
14329469
14329511
14329857
14329891
14330043
14330160
14330178
14330869
14333339
14333806
14334662
14335219
14335705
14335723
14335926
14336140
14336231
14336233
14336383
14336535
14337011
14337020
14337866
14338788
14338958
14340463
14341074
14341359
14343230
14345155
14345279
14345303
14346116
14346325
14346478
14346485
14346664
14346917
14346960
14347951
14348393
14353072
14353835
14354633
14354735
14355967
14356901
14357416
14358430
14360036
14360046
14360162
14360186
14360208
14360312
14360330
14360760
14361141
14361151
14361167
14361446
14363393
14363925
14364042
14366121
14366392
14366397
14368396
14371731
14372736
14373457
14373551
14373761
14373882
14374670
14374886
14374887
14375405
14375646
14375926
14376500
14376884
14377085
14377536
14378531
14380498
14382207
14382711
14382875
14383324
14385282
14385553
14385568
14385577
14385652
14386899
14386991
14387035
14387922
14388054
14389178
14389603
14390214
14390824
14392229
14393017
14393103
14393286
14393959
14397863
14399496
14399938
14400251
14400288
14400800
14400958
14401548
14401733
14404863
14405074
14405853
14405881
14408054
14408819
14411668
14411758
14411885
14412156
14412199
14412334
14412388
14412557
14412891
14412904
14412939
14412943
14413417
14416305
14416709
14416919
14416921
14417044
14417247
14418324
14418598
14418869
14420533
14422761
14422901
14423207
14423935
14424009
14426196
14426840
14427586
14428550
14429105
14429137
14429650
14429844
14429872
14430172
14430620
14431513
14432090
14432823
14433815
14433920
14434552
14436425
14436966
14439430
14443242
14443547
14443694
14446879
14447297
14447383
14448508
14449980
14450725
14451498
14452008
14452250
14452403
14453971
14454083
14454167
14454198
14455445
14455701
14456510
14457599
14459896
14460251
14462856
14462912
14463177
14463182
14463431
14463833
14464158
14465111
14465682
14466969
14467914
14468004
14468346
14470947
14470958
14471293
14471297
14471687
14471745
14471788
14471799
14471998
14472283
14473593
14474236
14474445
14474616
14476268
14476364
14476460
14476527
14477702
14478135
14478138
14478494
14479899
14480421
14480955
14481873
14482067
14483076
14483195
14483389
14484437
14486005
14486027
14486071
14486805
14487254
14488653
14488820
14488927
14488955
14489142
14489195
14489481
14490019
14490443
14490493
14490707
14490765
14490916
14491010
14491353
14491357
14491367
14491409
14491444
14491603
14491612
14491686
14491705
14491818
14492054
14492085
14492151
14492205
14492598
14492705
14492746
14492765
14492856
14492930
14492970
14492976
14492990
14493024
14493075
14493092
14493102
14493140
14493195
14493221
14493392
14493572
14493831
14494784
14494961
14495056
14496462
14496565
14496585
14496764
14496800
14498528
14498622
14499346
14499927
