14436073
14436079
14436092
14436102
14436103
14436137
14436146
14436157
14436164
14436173
14436231
14436232
14436246
14436647
14436724
14436756
14437161
14437281
14437513
14437576
14437624
14437760
14437907
14438004
14438098
14438125
14438160
14438422
14438606
14438678
14438804
14438848
14439028
14439173
14439329
14439392
14439442
14439620
14439623
14439624
14439639
14439653
14439776
14439801
14439854
14439875
14439999
14440007
14440067
14440073
14440110
14440119
14440165
14440176
14440206
14440350
14440503
14440579
14440636
14440736
14440756
14440968
14440988
14441012
14441050
14441079
14441114
14441191
14441265
14441284
14441297
14441338
14441397
14441454
14441503
14441632
14441659
14441736
14441738
14441739
14441744
14441748
14441749
14441750
14441751
14441753
14441803
14441806
14442061
14442121
14442231
14442301
14442413
14442436
14442464
14442474
14442487
14442506
14442526
14442531
14442544
14442581
14442628
14442654
14442679
14442720
14442729
14442738
14442803
14442845
14442894
14443021
14443755
14443772
14443790
14443853
14443868
14443907
14443988
14444291
14444426
14444433
14444434
14444436
14444439
14444451
14444452
14444453
14444464
14444465
14444467
14444475
14444478
14444479
14444480
14444783
14444792
14444808
14444819
14445557
14445997
14446114
14446171
14446219
14446462
14446646
14446958
14446969
14447059
14447156
14447162
14447237
14447522
14447545
14447665
14447738
14448037
14448042
14448043
14448044
14448045
14448046
14448047
14448048
14448069
14448070
14448079
14448083
14448164
14448193
14448247
14448248
14448249
14448250
14448252
14448253
14448254
14448255
14448257
14448298
14448311
14448487
14448488
14448489
14448492
14448494
14448495
14448498
14448499
14448501
14448502
14448505
14448509
14448511
14448527
14448536
14448559
14448599
14448602
14448826
14448902
14448909
14448945
14448974
14449019
14449127
14449165
14449236
14449474
14449489
14449490
14449494
14449496
14449511
14449641
14449650
14449779
14449804
14449806
14449809
14449812
14449821
14449824
14449825
14449831
14449837
14449856
14449863
14449873
14449894
14449950
14449980
14450357
14450373
14450456
14450523
14450566
14450599
14450931
14450977
14451313
14451346
14451721
14451774
14451840
14451848
14451959
14451966
14452139
14452173
14452174
14452176
14452179
14452182
14452183
14452184
14452207
14452307
14452310
14452579
14452580
14452582
14452585
14452588
14452591
14452592
14452594
14452604
14452614
14452623
14452941
14453026
14453181
14453243
14453292
14453500
14453563
14453651
14453757
14453789
14453795
14453873
14453899
14453972
14454009
14454047
14454051
14454055
14454076
14454095
14454108
14454130
14454183
14454350
14454356
14454428
14454473
14454496
14454526
14454548
14454614
14454636
14454650
14454748
14454819
14454941
14454942
14454947
14454951
14454999
14455070
14455140
14455162
14455224
14455234
14455235
14455239
14455241
14455258
14455297
14455299
14455319
14455324
14455339
14455351
14455382
14455393
14455404
14455413
14455424
14455425
14455428
14455444
14455445
14455459
14455479
14455536
14455567
14455589
14455631
14455684
14455729
14455910
14456033
14456065
14456214
14456263
14456277
14456293
14456569
14456644
14456678
14456762
14456778
14456876
14456918
14457079
14457095
14457336
14457398
14457819
14457880
14457924
14457967
14457968
14458243
14458349
14458693
14458726
14458735
14459041
14459335
14459634
14459681
14459708
14459796
14459804
14459827
14460438
14460704
14460773
14460796
14460919
14460933
14460939
14460948
14461018
14461024
14461085
14461091
14461093
14461099
14461106
14461110
14461122
14461125
14461127
14461132
14461139
14461150
14461232
14461251
14461323
14461335
14461349
14461360
14461489
14461734
14461743
14461788
14461798
14461820
14461879
14461898
14462025
14462030
14462191
14462358
14462604
14462661
14462663
14462672
14462712
14462865
14462872
14462970
14462972
14463069
14463072
14463163
14463167
14463170
14463172
14463174
14463175
14463176
14463177
14463178
14463234
14463239
14463242
14463244
14463247
14463248
14463251
14463253
14463429
14463449
14463465
14463708
14463796
14463902
14463982
14463986
14464050
14464071
14464105
14464415
14464427
14464445
14464509
14464540
14464619
14464731
14464774
14465082
14465094
14465386
14465400
14465490
14465504
14465519
14465535
14465542
14465545
14465553
14465595
14465601
14465604
14465611
14465617
14465631
14465640
14465643
14465653
14465738
14465932
14465985
14465998
14466009
14466033
14466074
14466083
14466165
14466334
14466453
14466600
14466736
14466760
14466774
14466793
14466853
14466890
14466915
14466926
14466970
14467074
14467080
14467092
14467120
14467231
14467235
14467252
14467279
14467286
14467293
14467314
14467316
14467329
14467331
14467333
14467340
14467354
14467356
14467375
14467419
14467445
14467454
14467456
14467459
14467466
14467474
14467479
14467494
14467497
14467521
14467537
14467548
14467579
14467582
14467593
14467594
14467603
14467605
14467607
14467610
14467626
14467631
14467645
14467650
14467658
14467671
14467675
14467679
14467708
14467719
14467722
14467729
14467752
14467785
14467799
14467805
14467816
14467851
14467859
14467893
14467931
14467977
14467993
14468021
14468023
14468027
14468039
14468055
14468073
14468078
14468111
14468145
14468164
14468166
14468180
14468192
14468213
14468247
14468296
14468299
14468303
14468317
14468327
14468358
14468466
14468516
14468569
14468607
14468638
14468643
14468845
14468950
14468964
14469078
14469090
14469134
14469297
14469331
14469619
14469671
14469705
14469913
14470047
14470205
14470336
14470510
14470531
14470777
14470919
14471040
14471192
14471485
14471490
14471496
14471542
14471798
14471834
14472016
14472071
14472181
14472247
14472255
14472265
14472607
14472629
14472733
14472793
14472802
14472829
14472886
14472887
14472897
14473039
14473097
14473104
14473150
14473155
14473164
14473168
14473169
14473321
14473349
14473461
14473494
14473517
14473527
14473719
14473758
14473811
14473837
14473840
14474066
14474146
14474159
14474244
14474299
14474339
14474357
14474507
14474594
14474595
14474596
14474615
14474649
14474679
14474883
14474896
14474979
14475023
14475176
14475212
14475260
14475280
14475301
14475379
14475532
14475609
14475622
14475628
14475969
14476105
14476122
14476570
14476592
14476606
14476730
14476744
14476989
14477318
14477495
14477835
14478026
14478040
14478257
14478289
14478299
14478359
14478368
14478422
14478447
14478486
14478499
14478510
14478884
14478990
14479015
14479200
14479238
14479398
14479453
14479469
14479496
14479533
14479534
14479567
14479652
14479965
14479987
14480004
14480048
14480350
14480449
14480465
14480508
14480607
14480673
14480697
14480764
14480964
14480992
14481034
14481076
14481133
14481171
14481189
14481371
14481432
14481474
14481500
14481612
14481644
14481663
14481739
14481754
14481871
14482097
14482154
14482504
14482667
14482683
14483040
14483094
14483097
14483127
14483151
14483176
14483218
14483279
14483360
14483375
14483788
14483848
14484221
14484243
14484264
14484594
14484709
14484790
14484799
14484834
14484922
14485096
14485202
14485310
14485332
14485375
14485417
14485495
14485496
14485641
14485643
14485679
14485713
14485798
14485822
14485854
14485918
14485957
14485986
14486000
14486003
14486009
14486013
14486019
14486024
14486055
14486230
14486363
14486383
14486387
14486437
14486441
14486519
14486648
14486812
14486838
14486859
14486902
14487050
14487143
14487146
14487168
14487188
14487228
14487278
14487313
14487352
14487363
14487371
14487417
14487418
14487517
14487519
14487528
14487534
14487556
14487602
14487629
14487727
14487888
14487926
14487951
14487954
14487956
14487985
14488044
14488101
14488112
14488122
14488292
14488824
14489015
14489087
14489107
14489157
14489464
14489534
14489591
14489594
14490052
14490251
14490356
14490430
14490444
14490602
14490620
14490752
14490754
14490820
14490839
14490882
14490980
14491022
14491034
14491068
14491099
14491196
14491401
14491434
14491485
14491511
14491563
14491789
14491799
14491936
14491993
14492095
14492173
14492282
14492379
14492388
14492480
14492567
14492582
14492623
14492646
14492667
14492676
14492678
14492684
14492697
14492845
14492920
14492929
14492942
14492950
14492961
14492966
14492973
14492978
14492981
14492990
14493014
14493020
14493025
14493042
14493050
14493057
14493064
14493089
14493096
14493129
14493130
14493164
14493232
14493295
14493303
14493341
14493371
14493400
14493500
14493569
14493622
14493630
14493640
14493663
14493676
14493758
14493823
14493855
14493899
14493936
14493976
14494052
14494166
14494197
14494204
14494584
14494755
14494837
14494934
14494954
14495030
14495138
14495215
14495246
14495503
14495671
14495715
14495767
14495789
14495859
14495869
14495918
14496121
14496181
14496266
14496271
14496454
14496555
14496593
14496665
14496994
14497154
14497155
14497580
14497582
14497611
14497729
14497756
14497763
14497794
14497806
14497830
14497930
14498010
14498041
14498127
14498129
14498157
14498239
14498348
14498469
14498520
14499276
14499301
14499497
14499741
14499817
14499819
14499834
14499880
14499984
14499986
