14483420
14483455
14483471
14483514
14483515
14483563
14483566
14483568
14483570
14483572
14483576
14483588
14483595
14483598
14483601
14483616
14483636
14483672
14483673
14483679
14483698
14483701
14483763
14483768
14483769
14483790
14483807
14483811
14483822
14483876
14483885
14483889
14483894
14483912
14483919
14483926
14483939
14483944
14483963
14484004
14484012
14484020
14484034
14484059
14484062
14484086
14484098
14484164
14484169
14484195
14484196
14484198
14484217
14484221
14484237
14484252
14484277
14484291
14484301
14484308
14484319
14484335
14484363
14484374
14484376
14484395
14484443
14484462
14484463
14484491
14484503
14484504
14484505
14484510
14484567
14484579
14484585
14484601
14484617
14484627
14484637
14484689
14484690
14484797
14484800
14484802
14484815
14484817
14484825
14484830
14484847
14484852
14484877
14484892
14484894
14484902
14484908
14484924
14485001
14485002
14485005
14485060
14485061
14485104
14485111
14485140
14485150
14485179
14485194
14485199
14485213
14485230
14485251
14485275
14485280
14485315
14485316
14485353
14485356
14485368
14485376
14485383
14485385
14485428
14485435
14485459
14485463
14485483
14485491
14485495
14485500
14485523
14485529
14485555
14485593
14485611
14485646
14485662
14485664
14485682
14485684
14485694
14485710
14485752
14485774
14485781
14485787
14485790
14485822
14485835
14485871
14485881
14485897
14485914
14485921
14485934
14485946
14485948
14485965
14486024
14486031
14486048
14486051
14486057
14486060
14486087
14486120
14486122
14486140
14486304
14486395
14486424
14486439
14486443
14486462
14486485
14486509
14486538
14486558
14486613
14486640
14486660
14486663
14486669
14486698
14486723
14486733
14486760
14486786
14486824
14486849
14486862
14486873
14486874
14486910
14486923
14486977
14486978
14487004
14487011
14487018
14487024
14487030
14487040
14487042
14487066
14487080
14487090
14487092
14487100
14487110
14487138
14487187
14487223
14487248
14487287
14487306
14487307
14487355
14487384
14487390
14487406
14487437
14487499
14487545
14487550
14487585
14487631
14487634
14487645
14487653
14487657
14487669
14487711
14487750
14487762
14487764
14487775
14487785
14487802
14487811
14487850
14487868
14487887
14487923
14487933
14487975
14487992
14487998
14488018
14488036
14488065
14488091
14488128
14488159
14488176
14488181
14488186
14488224
14488234
14488259
14488278
14488292
14488295
14488337
14488340
14488343
14488349
14488378
14488420
14488422
14488426
14488438
14488444
14488450
14488480
14488482
14488483
14488559
14488597
14488629
14488658
14488724
14488761
14488767
14488768
14488771
14488820
14488827
14488828
14488859
14488863
14488868
14488897
14488928
14488959
14489002
14489014
14489059
14489060
14489090
14489096
14489109
14489111
14489160
14489185
14489206
14489216
14489221
14489222
14489227
14489284
14489288
14489293
14489296
14489323
14489391
14489426
14489445
14489447
14489461
14489476
14489572
14489586
14489590
14489593
14489596
14489601
14489630
14489662
14489717
14489738
14489851
14489866
14489878
14489889
14489902
14489935
14489959
14489960
14489963
14489964
14489972
14489974
14489978
14490017
14490021
14490027
14490049
14490055
14490057
14490058
14490059
14490067
14490084
14490106
14490119
14490135
14490138
14490158
14490160
14490179
14490181
14490185
14490195
14490212
14490220
14490231
14490241
14490252
14490260
14490263
14490305
14490326
14490337
14490422
14490443
14490464
14490482
14490504
14490518
14490520
14490526
14490535
14490586
14490590
14490591
14490593
14490606
14490632
14490674
14490676
14490691
14490700
14490717
14490727
14490736
14490738
14490767
14490793
14490802
14490813
14490827
14490839
14490850
14490894
14490900
14490911
14490925
14490939
14490942
14490945
14490950
14490955
14490964
14490975
14491011
14491038
14491075
14491088
14491105
14491113
14491122
14491135
14491140
14491185
14491226
14491232
14491236
14491262
14491275
14491289
14491325
14491328
14491336
14491351
14491353
14491378
14491381
14491395
14491404
14491412
14491421
14491424
14491434
14491450
14491493
14491496
14491514
14491529
14491534
14491562
14491581
14491589
14491629
14491632
14491634
14491681
14491683
14491684
14491722
14491749
14491754
14491759
14491763
14491774
14491775
14491794
14491806
14491809
14491811
14491833
14491838
14491882
14491891
14491901
14491917
14491967
14491972
14491975
14491984
14492002
14492009
14492025
14492037
14492040
14492047
14492054
14492080
14492087
14492155
14492267
14492322
14492323
14492349
14492355
14492357
14492376
14492384
14492385
14492450
14492462
14492477
14492499
14492510
14492522
14492547
14492572
14492584
14492592
14492594
14492623
14492627
14492628
14492637
14492655
14492656
14492660
14492663
14492685
14492694
14492707
14492746
14492759
14492760
14492766
14492867
14492901
14492912
14492915
14492988
14492991
14492992
14492995
14493024
14493037
14493105
14493121
14493127
14493130
14493131
14493220
14493223
14493233
14493240
14493267
14493287
14493297
14493312
14493346
14493351
14493363
14493366
14493448
14493477
14493480
14493522
14493567
14493590
14493594
14493601
14493603
14493621
14493630
14493688
14493690
14493710
14493719
14493753
14493758
14493761
14493805
14493811
14493843
14493886
14493887
14493891
14493900
14493914
14493938
14493981
14493988
14493992
14494003
14494025
14494040
14494052
14494067
14494127
14494131
14494134
14494158
14494176
14494187
14494190
14494193
14494219
14494242
14494263
14494285
14494306
14494330
14494350
14494370
14494404
14494415
14494419
14494482
14494501
14494508
14494509
14494529
14494554
14494560
14494571
14494582
14494587
14494601
14494608
14494619
14494629
14494650
14494662
14494665
14494673
14494674
14494703
14494734
14494738
14494747
14494755
14494757
14494760
14494762
14494767
14494777
14494781
14494788
14494789
14494798
14494822
14494824
14494833
14494852
14494863
14494870
14494882
14494883
14494888
14494907
14494913
14494933
14494945
14494987
14494992
14494993
14495001
14495029
14495036
14495104
14495110
14495134
14495150
14495184
14495186
14495235
14495242
14495250
14495254
14495264
14495282
14495290
14495293
14495298
14495309
14495324
14495331
14495352
14495355
14495358
14495361
14495395
14495399
14495410
14495426
14495485
14495491
14495499
14495535
14495541
14495550
14495569
14495575
14495582
14495599
14495619
14495659
14495662
14495677
14495714
14495741
14495746
14495781
14495822
14495831
14495846
14495848
14495850
14495879
14495917
14495921
14495937
14495939
14495942
14495951
14495982
14495995
14495996
14495999
14496034
14496036
14496037
14496043
14496044
14496097
14496117
14496122
14496164
14496200
14496234
14496252
14496258
14496260
14496265
14496270
14496283
14496303
14496304
14496308
14496311
14496344
14496376
14496379
14496384
14496389
14496391
14496399
14496413
14496435
14496437
14496442
14496447
14496469
14496475
14496498
14496516
14496520
14496525
14496535
14496540
14496558
14496577
14496580
14496593
14496594
14496597
14496611
14496614
14496615
14496621
14496626
14496630
14496648
14496656
14496667
14496670
14496671
14496678
14496697
14496703
14496737
14496761
14496766
14496769
14496800
14496808
14496810
14496813
14496847
14496860
14496861
14496866
14496868
14496879
14496883
14496914
14496924
14496950
14496963
14496968
14496969
14496973
14496975
14496983
14496991
14496994
14497051
14497064
14497099
14497106
14497112
14497117
14497124
14497142
14497146
14497159
14497171
14497209
14497214
14497225
14497240
14497252
14497255
14497258
14497272
14497273
14497339
14497383
14497398
14497436
14497444
14497463
14497466
14497469
14497475
14497483
14497492
14497511
14497524
14497551
14497565
14497567
14497575
14497580
14497595
14497611
14497616
14497626
14497627
14497638
14497641
14497644
14497652
14497653
14497657
14497685
14497696
14497706
14497709
14497712
14497729
14497730
14497733
14497746
14497751
14497756
14497761
14497768
14497778
14497784
14497788
14497795
14497806
14497812
14497813
14497909
14497936
14497972
14497987
14498016
14498030
14498067
14498075
14498076
14498077
14498084
14498128
14498135
14498141
14498147
14498152
14498157
14498164
14498205
14498218
14498221
14498222
14498230
14498242
14498244
14498251
14498254
14498296
14498302
14498316
14498352
14498369
14498373
14498379
14498380
14498391
14498419
14498425
14498426
14498446
14498447
14498450
14498472
14498477
14498528
14498537
14498562
14498568
14498574
14498585
14498602
14498647
14498697
14498703
14498710
14498716
14498721
14498722
14498731
14498752
14498763
14498765
14498776
14498792
14498824
14498843
14498859
14498884
14498886
14498899
14498945
14498947
14498965
14498978
14499008
14499010
14499017
14499028
14499033
14499036
14499038
14499039
14499069
14499079
14499080
14499129
14499149
14499178
14499203
14499209
14499220
14499233
14499261
14499289
14499336
14499349
14499353
14499375
14499396
14499416
14499547
14499548
14499564
14499572
14499594
14499598
14499607
14499615
14499629
14499661
14499670
14499705
14499708
14499750
14499767
14499790
14499798
14499811
14499857
14499889
14499894
14499925
14499957
14499994
14499997
