14427826
14427892
14427901
14427960
14427961
14428121
14428164
14428253
14428363
14428414
14428438
14428480
14428563
14428681
14428781
14429002
14429023
14429117
14429128
14429132
14429137
14429140
14429144
14429146
14429149
14429293
14429352
14429458
14429547
14429578
14429655
14429739
14429783
14429792
14429805
14429862
14429896
14429926
14429937
14429965
14430295
14430363
14430543
14430690
14430702
14430823
14430959
14430966
14431061
14431074
14431087
14431099
14431207
14432035
14432529
14432639
14433541
14433560
14433602
14433635
14433655
14433711
14433826
14433994
14434067
14434147
14434199
14434288
14434295
14434385
14434388
14434539
14434630
14434648
14434661
14434682
14434783
14434824
14435112
14435148
14435270
14435297
14435338
14435427
14435447
14435533
14435661
14435735
14435794
14435817
14435829
14435960
14436066
14436102
14436163
14436208
14436212
14436334
14436362
14436379
14436680
14436700
14436719
14436893
14437002
14437005
14437240
14437330
14437363
14437404
14437413
14437668
14438225
14438918
14439330
14439337
14439342
14439346
14439400
14439583
14439658
14439686
14439771
14439831
14439865
14439932
14439998
14440017
14440057
14440125
14440183
14440242
14440252
14440297
14440308
14440309
14440311
14440424
14440548
14440713
14440747
14440803
14440824
14440878
14440937
14441053
14441107
14441141
14441200
14441284
14441451
14441495
14441503
14441634
14441698
14442080
14442672
14442734
14442743
14442746
14442791
14442792
14442818
14442845
14443072
14443412
14443456
14443585
14443631
14443710
14443824
14443828
14443919
14443923
14443941
14444080
14444184
14444417
14444494
14444681
14444758
14444963
14445307
14445779
14445970
14446350
14446421
14446481
14446562
14446836
14446850
14446938
14447006
14447253
14447518
14447575
14447634
14447775
14447828
14447877
14447884
14447889
14447969
14448004
14448066
14448106
14448302
14448308
14448374
14448414
14448460
14448467
14448475
14448508
14448520
14448524
14448557
14448697
14448701
14448757
14448788
14448801
14449127
14449153
14449269
14449301
14449304
14449317
14449355
14449358
14449365
14449411
14449435
14449509
14449524
14449554
14449559
14449597
14449618
14449622
14449627
14449793
14449887
14450074
14450876
14451785
14451836
14452233
14452469
14452839
14452873
14452927
14452993
14453011
14453025
14453062
14453120
14453137
14453162
14453212
14453258
14453332
14453400
14453520
14453635
14453647
14453825
14453944
14453961
14453974
14453997
14454067
14454157
14454209
14454250
14454307
14454375
14454389
14454434
14454473
14454497
14454526
14454587
14454696
14454757
14454877
14454881
14454887
14454906
14454910
14454936
14454941
14454944
14454951
14454955
14454963
14454981
14454989
14455045
14455148
14455182
14455192
14455222
14455238
14455245
14455270
14455302
14455550
14455589
14455748
14455774
14455907
14455917
14456094
14456109
14456120
14456165
14456531
14456718
14457036
14457292
14457552
14457630
14458264
14458325
14458504
14458619
14458798
14459048
14459289
14459487
14459854
14459965
14459980
14460078
14460181
14460445
14460449
14460470
14460560
14460572
14460575
14460585
14460598
14460601
14460719
14460741
14460821
14460823
14460908
14461102
14461113
14461122
14461132
14461326
14461498
14461529
14461550
14461564
14461570
14461636
14461773
14461999
14462054
14462386
14462506
14462544
14462565
14462724
14463358
14463417
14463764
14463869
14464036
14464120
14464267
14464584
14464608
14464776
14464892
14465104
14465106
14465338
14465414
14465539
14465609
14465686
14465753
14465758
14465791
14465951
14466001
14466020
14466056
14466060
14466082
14466095
14466101
14466167
14466197
14466221
14466247
14466283
14466327
14466335
14466352
14466371
14466378
14466402
14466431
14466511
14466517
14466547
14466640
14466672
14466714
14466716
14466742
14466773
14466799
14466843
14466847
14466876
14467010
14467025
14467086
14467101
14467145
14467191
14467200
14467203
14467205
14467324
14467536
14467558
14467561
14467562
14467603
14467795
14467801
14467806
14467854
14467888
14467953
14467973
14467983
14467996
14468020
14468250
14468303
14468353
14468358
14468397
14468433
14468439
14468472
14468480
14468491
14468520
14468524
14468530
14468537
14468602
14468609
14468705
14468719
14468734
14468737
14468739
14468747
14468758
14468790
14468853
14469066
14469180
14469186
14469206
14469302
14469305
14469427
14469575
14469671
14469705
14469713
14469720
14469739
14469774
14470194
14470367
14470531
14470804
14470936
14471031
14471070
14471268
14471321
14471546
14471568
14471596
14471702
14471773
14471813
14471821
14471839
14471873
14471874
14471884
14471886
14471897
14471920
14471930
14471946
14471947
14471977
14471978
14472358
14472399
14472574
14472752
14472917
14473006
14473026
14473126
14473423
14473440
14473466
14473537
14473601
14473755
14473776
14473785
14473799
14473806
14473818
14473846
14473934
14474025
14474062
14474473
14474537
14474594
14474753
14474798
14474810
14475019
14475028
14475030
14475041
14475043
14475120
14475126
14475144
14475207
14475214
14475264
14475319
14475321
14475346
14475389
14475421
14475427
14475639
14475653
14475660
14475665
14475705
14475910
14475975
14476026
14476060
14476333
14477330
14477407
14477443
14477539
14477677
14477758
14477921
14477989
14478001
14478030
14478081
14478344
14478423
14478495
14478744
14478764
14478796
14478842
14478907
14478933
14478950
14478980
14478998
14479042
14479047
14479058
14479099
14479104
14479108
14479276
14479285
14479320
14479322
14479363
14479379
14479390
14479413
14479432
14479459
14479466
14479523
14479541
14479572
14479574
14479614
14479624
14479650
14479721
14479739
14479750
14479751
14479783
14479854
14479911
14479920
14479993
14480069
14480142
14480186
14480190
14480216
14480236
14480242
14480249
14480326
14480355
14480465
14480487
14480515
14480791
14480799
14480823
14480833
14480916
14480935
14480945
14480984
14481075
14481186
14481198
14481203
14481288
14481526
14481585
14481634
14482127
14482197
14482220
14482243
14482257
14482327
14482441
14482446
14482466
14482744
14482751
14482836
14482845
14482924
14482967
14482994
14482996
14483007
14483453
14483636
14483652
14484273
14484299
14484478
14484487
14484502
14484516
14484543
14484563
14484575
14484637
14484672
14484678
14484706
14484735
14484760
14484763
14484828
14484878
14485001
14485176
14485185
14485199
14485208
14485217
14485223
14485227
14485262
14485286
14485307
14485326
14485365
14485400
14485425
14485457
14485512
14485528
14485532
14485616
14485618
14485688
14485701
14485707
14485713
14485714
14485808
14485833
14485850
14485881
14485916
14485949
14485982
14485999
14486031
14486043
14486057
14486144
14486167
14486170
14486275
14486351
14486490
14486587
14486644
14486730
14486733
14486741
14486751
14486861
14486868
14486871
14486873
14486933
14487003
14487018
14487085
14487152
14487156
14487220
14487226
14487293
14487410
14487424
14487590
14487636
14487669
14487700
14487833
14488067
14488093
14488147
14488252
14488257
14488279
14488305
14488308
14488325
14488330
14488757
14488776
14488815
14488885
14488962
14488976
14489065
14489067
14489086
14489104
14489405
14489922
14490009
14490148
14490438
14490525
14490663
14490739
14490897
14490900
14490923
14490953
14490988
14491000
14491018
14491021
14491083
14491116
14491142
14491210
14491235
14491279
14491295
14491335
14491385
14491395
14491453
14491462
14491476
14491480
14491545
14491580
14491591
14491623
14491626
14491628
14491629
14491691
14491742
14491841
14491851
14491864
14491865
14491891
14491901
14491929
14491958
14491979
14492032
14492050
14492095
14492122
14492166
14492202
14492251
14492275
14492335
14492455
14492473
14492480
14492488
14492493
14492504
14492534
14492571
14492589
14492590
14492598
14492619
14492655
14492684
14492772
14492783
14492888
14492915
14492937
14492963
14492972
14492982
14493011
14493037
14493079
14493099
14493150
14493168
14493203
14493229
14493233
14493256
14493281
14493293
14493316
14493391
14493399
14493407
14493451
14493484
14493506
14493525
14493539
14493556
14493646
14493664
14493698
14493753
14493758
14493761
14493800
14493811
14493825
14493848
14493852
14493857
14493859
14493860
14493863
14493869
14493874
14493876
14493881
14493882
14493885
14493889
14493890
14493898
14493902
14493903
14493914
14493916
14493917
14493941
14493953
14493957
14493962
14493964
14493965
14493967
14493971
14493987
14494015
14494016
14494023
14494030
14494100
14494165
14494253
14494302
14494389
14494403
14494409
14494444
14494506
14494533
14494536
14494537
14494584
14494955
14494989
14495124
14495157
14495177
14495179
14495191
14495200
14495355
14495476
14495660
14495756
14496457
14496664
14496889
14496924
14497010
14497014
14497253
14497272
14497328
14497363
14497575
14497777
14497802
14498243
14498247
14498309
14498320
14498348
14498351
14498366
14498372
14498468
14498528
14498558
14498577
14498630
14498650
14498672
14498724
14498763
14498805
14498833
14498949
14499069
14499137
14499149
14499241
14499295
14499409
14499495
14499551
14499597
14499731
14499794
14499892
14499944
14499977
14499982
