14359226
14359331
14359579
14359605
14359686
14359795
14359845
14359853
14359990
14359992
14360067
14360069
14360183
14360305
14360367
14360410
14360454
14360532
14360584
14360606
14360810
14360827
14360832
14361086
14361106
14361155
14361261
14361275
14361918
14362030
14362061
14362092
14362101
14362129
14362251
14362403
14362418
14362423
14362437
14363176
14363397
14363399
14363456
14363537
14363586
14363956
14364187
14364303
14364387
14364501
14364541
14364911
14365022
14365050
14365055
14365090
14365222
14365266
14365611
14365821
14365924
14366101
14366149
14366150
14366203
14366958
14366967
14366999
14367013
14367020
14367061
14367068
14367102
14367109
14367217
14367245
14367515
14367567
14367690
14367799
14367982
14367995
14368111
14368371
14368378
14368539
14368646
14368954
14369230
14369648
14369956
14370164
14370725
14370766
14370789
14370804
14370849
14370861
14370869
14370876
14370976
14371053
14371130
14371195
14371232
14371356
14371363
14371396
14371798
14371849
14371907
14372082
14372173
14372197
14372304
14372443
14372444
14372480
14372493
14372639
14372899
14373055
14373364
14373423
14373575
14373596
14373668
14373756
14373850
14373927
14373942
14373953
14373986
14374059
14374211
14374302
14374713
14374726
14374763
14374768
14374939
14375124
14375360
14375434
14375453
14375841
14375877
14375922
14375929
14375930
14376064
14376087
14376412
14376423
14376534
14376694
14376697
14376918
14377239
14377304
14377777
14377997
14378235
14378257
14378585
14378674
14378770
14378788
14378791
14378886
14378910
14378938
14379026
14379042
14379238
14379681
14379724
14379903
14379999
14380117
14380540
14380638
14380982
14381010
14382469
14382616
14382695
14383637
14384079
14384141
14384283
14384367
14384752
14384774
14384802
14384951
14384993
14385074
14385146
14385467
14385536
14385577
14385626
14385673
14385701
14385710
14385715
14385749
14385908
14385934
14385953
14385956
14386076
14386149
14386168
14386221
14386267
14387486
14387937
14387943
14387947
14388118
14388181
14388231
14388353
14388389
14388450
14388483
14388497
14388508
14388511
14388709
14388843
14389029
14389247
14389256
14389260
14389264
14389271
14389338
14389582
14389615
14389650
14389701
14389784
14389847
14389982
14389992
14390110
14390168
14390361
14390446
14390623
14390625
14390634
14390653
14390678
14390680
14390681
14390682
14390683
14390690
14390697
14390717
14390781
14390820
14390839
14391000
14391018
14391099
14391164
14391801
14391893
14392375
14392525
14392692
14393027
14393250
14393272
14393620
14393636
14393679
14393710
14393724
14393860
14393983
14394318
14394328
14394399
14394433
14394629
14394768
14394853
14395484
14395875
14395975
14395985
14396097
14396132
14396499
14396527
14396732
14396864
14396880
14396900
14396906
14397176
14397178
14397188
14397224
14397353
14397471
14397807
14398141
14398169
14398546
14398597
14398655
14398884
14398951
14399080
14399137
14399355
14399639
14399999
14400083
14400102
14400103
14400389
14400518
14400560
14400614
14400792
14401023
14401131
14401141
14401180
14401181
14401201
14401209
14401262
14401284
14401468
14401530
14401542
14401630
14402070
14402090
14402181
14402188
14402232
14402258
14402282
14402298
14402341
14402415
14402449
14402833
14402920
14402944
14403012
14403096
14403162
14403167
14403244
14403396
14403433
14403652
14403663
14403685
14404682
14404773
14405031
14405061
14405447
14405725
14405767
14405779
14405915
14406250
14406385
14406401
14406431
14406451
14406474
14406552
14407412
14407458
14407496
14407938
14408322
14408531
14408659
14408678
14408896
14409062
14409093
14409191
14409874
14409973
14409985
14409996
14410003
14410591
14410889
14411194
14411329
14411742
14411746
14411777
14411941
14412057
14412296
14412590
14412665
14412692
14413731
14413810
14414197
14414655
14414688
14414727
14415189
14415491
14415522
14415806
14415937
14416034
14416045
14416086
14416116
14416191
14416277
14416306
14416323
14416364
14416398
14416487
14416587
14416909
14416988
14417204
14417217
14417462
14417721
14417768
14417783
14417815
14417857
14417996
14418131
14418288
14418567
14418624
14418670
14419363
14419367
14419371
14419617
14419719
14420162
14420218
14420297
14420433
14420480
14420893
14421241
14421537
14421660
14421662
14421697
14421787
14421858
14422261
14422283
14422321
14422324
14422359
14422360
14422543
14422619
14422620
14422691
14422718
14422815
14423051
14423236
14423502
14423721
14423821
14424286
14424299
14424316
14424331
14424398
14424468
14424545
14424589
14424627
14424716
14424749
14424897
14424966
14424982
14425072
14425123
14425153
14425261
14425297
14425888
14425995
14426022
14426185
14426217
14426669
14426702
14426819
14426983
14427287
14427297
14427344
14427360
14427470
14427668
14427724
14427767
14428085
14428094
14428332
14428341
14428416
14428426
14428431
14428734
14428754
14428793
14428817
14428832
14428867
14428936
14429143
14429150
14429153
14429170
14429291
14429296
14429300
14429325
14429534
14429647
14429820
14430010
14430019
14430064
14430087
14430162
14430215
14430261
14430262
14430355
14430459
14430490
14430492
14430495
14430509
14430556
14430651
14430702
14430751
14430860
14430907
14430915
14430934
14430935
14431013
14431028
14431036
14431185
14431190
14431425
14431434
14431761
14431813
14431818
14431821
14431916
14431925
14431944
14432113
14432835
14433115
14433509
14433694
14433759
14434279
14434832
14434835
14434922
14435170
14435436
14435598
14435601
14435632
14436020
14436099
14436155
14436245
14436281
14436285
14436303
14436604
14437256
14437397
14437398
14437638
14437640
14437641
14437647
14437649
14437836
14437853
14437887
14437893
14437896
14437907
14437923
14438270
14438296
14438366
14438396
14438484
14438500
14438606
14438766
14438771
14438976
14438987
14439495
14439729
14439836
14439998
14440019
14440039
14440134
14440162
14440610
14440830
14440936
14440982
14441026
14441555
14441578
14441588
14441630
14442067
14442142
14442181
14442276
14442433
14442474
14442567
14442578
14443741
14443811
14443889
14443927
14444149
14444153
14444664
14444829
14444967
14445137
14445239
14445335
14445464
14445565
14445645
14445656
14445821
14446219
14446326
14446493
14446501
14446835
14447073
14447179
14447300
14447313
14447616
14447754
14447884
14448279
14448438
14448457
14448547
14448641
14448650
14448911
14448960
14449429
14449608
14449714
14449812
14450596
14450682
14450724
14450928
14451090
14451959
14452031
14452056
14452105
14452233
14452316
14452328
14452348
14452606
14452630
14452667
14452674
14452713
14453014
14453293
14453380
14453382
14453587
14453609
14453619
14454045
14454127
14454150
14454287
14454735
14454797
14454899
14455081
14455179
14455225
14455386
14455770
14455965
14455996
14456081
14456673
14456932
14457040
14457337
14457692
14457704
14457708
14457936
14458085
14459427
14459636
14459737
14460117
14460736
14460746
14460775
14460786
14460793
14460904
14461071
14461210
14461603
14461677
14461688
14462025
14462041
14462153
14462381
14462690
14463150
14463217
14463339
14463345
14463440
14463550
14463770
14463844
14464044
14464096
14464127
14464292
14464531
14465159
14465174
14465181
14465685
14465734
14465906
14466039
14466054
14466064
14466069
14466270
14466302
14466327
14466357
14466364
14466727
14466810
14467126
14467383
14467558
14467565
14467733
14467751
14467753
14467878
14467952
14468215
14468569
14468584
14468782
14468998
14469261
14469265
14469314
14469353
14469535
14469900
14469914
14470069
14470081
14470108
14470161
14470189
14470238
14470259
14470267
14470277
14470623
14470812
14470948
14471040
14471050
14471206
14471290
14471340
14471358
14471376
14471565
14471623
14471630
14471884
14472309
14472853
14473509
14473561
14473670
14474242
14474335
14474435
14474562
14474632
14474636
14474640
14474757
14474853
14476048
14476551
14478869
14478897
14479120
14479134
14479172
14479175
14480017
14480127
14480243
14480540
14480545
14480710
14481162
14481247
14481259
14481274
14481429
14481435
14481441
14481450
14481451
14481486
14481537
14481545
14481565
14481572
14481790
14481798
14481879
14481891
14481968
14481972
14482086
14482720
14483018
14483060
14483084
14483129
14483326
14483530
14484182
14484213
14484300
14484874
14484883
14484959
14484972
14485004
14485133
14485285
14485471
14485476
14485612
14485659
14485730
14485815
14485840
14485945
14486161
14486340
14486524
14486682
14486719
14486947
14487012
14487063
14487092
14487093
14488070
14488135
14488551
14488705
14488733
14488764
14488785
14488913
14489626
14489663
14489870
14490312
14490329
14490334
14490623
14490632
14490677
14491133
14491211
14491591
14491867
14492158
14492173
14492240
14492260
14492289
14492367
14492381
14492622
14492972
14493327
14493335
14493366
14493381
14493530
14493921
14493996
14494442
14494616
14494694
14494828
14494955
14495104
14495322
14495475
14495845
14496220
14496510
14496537
14496626
14496649
14496659
14496977
14497049
14497129
14497507
14497926
14497952
14498173
14498229
14498710
14498874
14498919
14498947
14499413
14499443
14499448
14499450
14499510
14499522
