13849338
13850441
13850725
13851288
13851309
13852783
13853655
13854311
13854332
13854375
13854380
13854391
13854407
13854600
13854745
13854782
13854790
13855050
13855076
13856036
13856345
13856440
13857579
13857580
13857581
13857706
13857709
13857710
13859258
13859906
13860448
13861026
13861582
13861583
13861651
13861652
13861655
13861661
13861663
13861664
13861671
13861996
13862033
13862388
13862400
13862446
13865108
13865505
13866082
13866115
13866716
13867235
13868315
13868752
13870498
13872688
13874205
13874244
13874252
13874672
13875145
13879786
13880578
13881499
13881543
13881557
13882079
13882644
13886035
13886409
13887870
13887944
13887980
13888035
13888053
13888304
13888958
13889716
13889718
13892629
13894632
13894880
13894894
13896047
13897489
13897593
13898115
13898146
13899765
13900865
13901314
13901996
13902685
13904662
13906155
13906229
13906646
13906707
13906841
13907162
13908201
13908384
13908431
13908537
13908622
13908720
13909227
13909420
13909438
13910109
13910362
13910435
13910768
13912769
13912782
13912819
13912869
13913697
13914818
13915470
13915545
13915711
13915885
13915950
13917274
13917322
13917539
13919760
13922310
13925815
13926889
13926911
13927248
13929168
13929169
13930061
13930916
13933161
13933208
13934378
13934385
13934396
13936080
13936604
13936812
13937274
13937348
13937739
13937999
13939041
13941382
13944647
13945024
13945363
13945780
13945815
13946209
13947231
13948803
13948828
13949007
13949342
13949354
13949362
13950027
13951887
13951888
13951889
13951890
13951891
13951893
13951895
13951896
13951897
13951898
13951905
13951917
13951921
13951924
13951926
13951929
13951932
13952253
13953250
13953316
13953318
13953319
13953320
13953968
13954938
13955855
13956287
13957027
13959399
13961772
13962906
13963080
13963230
13964547
13964590
13964850
13965504
13965876
13966706
13966920
13967804
13968060
13970052
13970070
13971403
13971562
13971668
13971817
13972835
13973330
13975395
13975419
13977995
13979132
13986014
13987015
13987144
13987159
13987160
13988244
13988289
13988308
13988330
13988348
13989511
13989517
13989651
13990243
13991147
13992090
13993891
13994718
13994735
13995327
13996955
13997799
13998077
13998084
13998185
13999044
14001908
14001935
14002254
14002409
14003112
14003375
14004250
14004277
14005511
14006775
14006806
14008341
14011211
14011376
14012671
14012693
14014619
14014623
14014636
14014639
14014682
14015532
14015658
14015681
14015702
14015708
14015762
14016121
14017733
14017755
14018762
14019279
14020874
14020892
14021925
14021965
14022588
14022668
14022711
14024570
14024804
14025158
14026696
14026867
14026878
14026904
14027272
14027771
14028148
14029306
14029703
14030711
14031500
14032013
14033331
14033334
14034041
14035181
14035540
14040735
14040778
14040891
14041611
14041728
14041736
14041818
14042325
14043031
14043054
14045120
14045588
14046276
14047793
14048288
14048642
14049074
14049850
14050620
14052218
14052248
14052372
14052429
14052562
14052873
14053539
14054721
14056652
14058704
14060256
14060544
14062213
14062658
14065493
14066284
14066315
14066451
14066679
14066983
14069045
14071602
14072363
14072588
14073089
14075144
14076132
14078648
14080167
14081785
14082098
14082172
14083448
14083456
14084194
14086483
14086569
14087460
14088108
14088109
14088134
14088234
14090875
14091424
14091456
14091494
14091741
14092941
14093254
14095130
14100024
14101887
14103290
14103571
14104156
14106460
14107697
14110463
14112299
14112578
14112775
14112789
14112790
14112791
14112793
14112794
14112795
14112796
14112798
14113301
14113394
14113412
14113439
14113451
14115459
14116472
14116496
14117956
14118593
14119517
14120661
14120680
14120700
14122664
14122796
14123084
14123133
14123397
14124161
14124181
14124314
14125127
14126027
14127100
14127101
14127103
14127106
14127166
14127455
14128780
14128781
14129384
14130635
14130699
14131957
14133498
14133610
14134856
14136235
14136259
14136275
14136583
14136887
14138398
14138512
14140097
14140385
14140545
14141481
14141490
14142658
14144139
14146660
14148521
14149819
14151394
14151420
14151806
14151961
14153438
14153884
14155715
14158342
14158938
14161905
14163075
14163313
14166177
14166588
14167001
14167005
14168110
14168148
14168165
14168185
14168191
14168820
14171575
14172639
14172930
14173571
14173717
14176429
14176446
14180479
14180505
14181584
14181997
14182523
14184357
14184421
14185037
14185248
14185292
14185293
14188694
14188766
14189024
14190173
14190915
14191937
14193083
14194442
14197239
14199310
14199577
14200438
14200474
14201750
14203451
14204642
14204945
14205148
14205155
14205175
14205565
14206342
14206381
14208514
14209027
14209379
14210084
14210464
14211222
14211556
14211974
14212011
14214506
14215313
14217442
14217597
14217903
14218629
14219226
14221495
14222108
14222136
14222492
14222503
14222620
14222651
14223299
14226248
14226252
14226262
14226266
14226486
14226924
14226991
14227648
14229770
14229800
14230011
14230698
14230818
14231207
14235038
14235039
14235040
14235041
14237336
14237403
14237481
14237564
14237605
14237624
14238154
14238506
14239663
14240293
14240422
14240548
14240941
14241682
14241787
14242184
14242603
14242859
14243133
14243139
14243143
14243146
14243153
14243666
14243681
14245723
14246866
14249371
14250295
14251677
14251847
14253018
14254998
14256040
14256085
14256533
14257133
14257218
14257806
14258365
14258523
14259358
14260138
14260193
14262112
14262845
14265318
14265339
14265440
14266993
14267033
14267565
14267797
14268805
14268866
14269205
14269228
14269233
14269240
14270034
14272366
14272683
14272689
14272691
14272693
14274573
14275235
14275868
14276243
14276287
14276809
14278483
14279363
14282125
14282403
14282559
14284272
14284322
14287114
14288814
14288911
14289008
14289625
14291289
14292294
14293147
14293387
14293681
14294280
14295449
14297090
14297096
14297205
14297949
14298169
14300153
14300197
14301159
14301472
14301700
14301724
14302244
14302763
14302873
14303476
14304390
14304518
14304529
14304567
14304568
14304668
14304740
14304853
14304863
14304948
14304967
14304983
14304984
14304998
14305015
14305021
14305034
14305046
14305047
14305072
14305075
14305111
14305297
14305365
14305380
14305593
14305842
14306213
14307752
14310887
14312345
14312364
14313739
14314031
14318544
14320400
14321793
14321800
14321830
14322594
14323302
14324400
14325008
14325157
14330820
14330821
14330823
14330838
14330840
14330841
14330899
14330900
14330901
14330916
14330917
14330954
14333194
14333195
14333220
14333379
14335684
14335754
14336320
14336864
14337326
14339900
14339921
14341732
14342822
14342837
14343686
14346213
14346580
14346942
14347031
14347469
14348354
14348430
14348805
14349055
14350008
14350545
14351053
14351134
14352339
14353490
14354051
14355746
14356456
14358556
14358941
14359246
14359738
14359787
14359988
14360007
14360563
14360774
14360952
14362132
14363172
14365381
14366180
14367264
14368869
14370012
14370506
14370957
14372799
14373406
14373473
14373548
14374359
14374923
14375846
14376842
14376844
14376845
14378230
14378974
14378976
14378977
14379685
14379759
14379843
14381166
14381232
14381317
14381974
14382044
14382642
14383742
14383774
14385742
14386270
14386876
14387220
14387230
14387249
14387277
14387390
14387444
14387682
14387933
14387979
14387984
14387985
14389028
14389117
14389852
14390626
14390628
14390646
14392542
14392744
14393480
14393993
14394073
14395104
14395725
14398126
14398647
14401572
14401978
14402693
14402703
14405248
14408397
14408567
14409743
14409746
14409748
14410585
14410651
14410655
14410656
14410669
14410672
14410681
14410683
14410685
14410687
14413079
14413193
14414745
14418794
14421103
14422664
14422902
14422933
14422954
14422966
14426341
14426373
14426758
14428172
14429049
14429446
14429472
14432315
14436863
14437900
14437926
14438951
14439208
14439330
14440396
14440428
14441193
14441227
14441615
14443015
14443017
14443019
14443344
14443367
14444632
14444634
14444650
14445097
14445260
14446414
14449214
14449290
14449292
14449293
14449294
14449310
14449312
14450399
14450872
14453058
14453696
14453953
14459334
14464284
14465961
14466111
14467034
14467697
14468082
14468235
14468745
14468775
14468777
14468781
14469556
14471183
14472306
14472975
14474226
14475200
14475208
14476137
14477345
14477579
14477592
14478724
14479063
14479258
14480071
14480136
14480328
14481223
14481477
14482327
14482349
14482580
14484173
14484267
14484408
14485513
14485514
14485518
14485525
14485539
14485542
14485544
14485547
14485549
14485554
14485555
14485564
14485565
14485566
14485567
14487763
14487764
14487769
14487770
14487772
14487832
14487849
14487850
14487860
14487996
14489211
14489486
14489667
14489813
14489826
14489846
14489857
14489865
14491079
14491256
14491889
14492065
14492290
14492311
14492326
14492333
14492337
14492342
14492355
14492373
14492379
14492391
14492396
14492408
14492431
14492443
14492461
14492476
14492485
14492543
14493882
14493883
14494578
14494580
14494584
14494585
14494586
14494590
14494600
14497501
14498434
14499413
14499519
14499660
14499702
14499982
