13271852
13271874
13272172
13272313
13272515
13272624
13272664
13272714
13272749
13272968
13272970
13273597
13273684
13273954
13274034
13274146
13279474
13280051
13280422
13281660
13281694
13282138
13282147
13282189
13282214
13282719
13284218
13284226
13285094
13285097
13285496
13286294
13286383
13286384
13286389
13286390
13286661
13286685
13286780
13287843
13287868
13288176
13288279
13288760
13289102
13289150
13289158
13292520
13292919
13293855
13294358
13297915
13298452
13299565
13299575
13299638
13299646
13299653
13299657
13299663
13299675
13299781
13299786
13299792
13299795
13299821
13299824
13299930
13300002
13300029
13300965
13301664
13302670
13302687
13302700
13302734
13303089
13308144
13312699
13313146
13314142
13314731
13314751
13314803
13318405
13318874
13318883
13318908
13319495
13319978
13320164
13320216
13320279
13321363
13321370
13321377
13321387
13321401
13321406
13321408
13321424
13321429
13321628
13322190
13324294
13325114
13325718
13326023
13326502
13327006
13327012
13327014
13329664
13331813
13331814
13331990
13332015
13332024
13332027
13332029
13332035
13332044
13332048
13332061
13332079
13332085
13332093
13332095
13332100
13332108
13332125
13332128
13332133
13332139
13332145
13332146
13332156
13332159
13332163
13332170
13332181
13332185
13332193
13332198
13332207
13332209
13334424
13334427
13337464
13338854
13339782
13343643
13344456
13344497
13344524
13345726
13346008
13348008
13350299
13350310
13351965
13352211
13352803
13354144
13356328
13357728
13357813
13358406
13358445
13358462
13358847
13362022
13362811
13362915
13363379
13363381
13364897
13365923
13367571
13370284
13370672
13370816
13371067
13371773
13371874
13373488
13377332
13383283
13383328
13383333
13383425
13383461
13384271
13384600
13384619
13384623
13384636
13384641
13384661
13384892
13384903
13387807
13388382
13388387
13388600
13389021
13389039
13389915
13389930
13393582
13393604
13397000
13397031
13397430
13398053
13398054
13398063
13398074
13400786
13400795
13400819
13400833
13400848
13400850
13401392
13401420
13401732
13401750
13401865
13401972
13402782
13403232
13403478
13403650
13403660
13403665
13403698
13405062
13405252
13405282
13405311
13405338
13405607
13405658
13406515
13406521
13406687
13407862
13408623
13409006
13409401
13409409
13409577
13409592
13409605
13409714
13411088
13411604
13413089
13413298
13413449
13413729
13414484
13414522
13414745
13415455
13415494
13415600
13415689
13415698
13415704
13415710
13415719
13415751
13415756
13415760
13415770
13415778
13415785
13415789
13416140
13416161
13417272
13420259
13420440
13421104
13421577
13423052
13423234
13423246
13423540
13423803
13423809
13424863
13425756
13425862
13426621
13426786
13427188
13427246
13427283
13427292
13427308
13427346
13427414
13428398
13428430
13428433
13428464
13428508
13428557
13428744
13428965
13429668
13429695
13429891
13430381
13432502
13433021
13434942
13436239
13439481
13439580
13439663
13439711
13439719
13439737
13439871
13440035
13440335
13440410
13440414
13440421
13440425
13440430
13440439
13440441
13440445
13441787
13442509
13446335
13447371
13447376
13447772
13447781
13447797
13447808
13447868
13448533
13448571
13448598
13448614
13448628
13448654
13451046
13451788
13452280
13453525
13453699
13453809
13453989
13454604
13454606
13454616
13454680
13454701
13454763
13454809
13454825
13454827
13455205
13456787
13456854
13456857
13456863
13457228
13457583
13457615
13457618
13457629
13457761
13458164
13460454
13460490
13460507
13461216
13461225
13461599
13461870
13463258
13466463
13466698
13468213
13470656
13471173
13471185
13472936
13472941
13473693
13474179
13474205
13477282
13477412
13477469
13477523
13477534
13478406
13478928
13478941
13478959
13478971
13478976
13479191
13479498
13479797
13483893
13483920
13484220
13484599
13485623
13486560
13498547
13506007
13506240
13506250
13506941
13507383
13511709
13516840
13516961
13516971
13517970
13517999
13518907
13519040
13523498
13528775
13530595
13537481
13541786
13542303
13544503
13548184
13548784
13549765
13551201
13551211
13555044
13556253
13559840
13561860
13561868
13561872
13562695
13564488
13566146
13566168
13566915
13568021
13568136
13568772
13569318
13572652
13573402
13573417
13574322
13574326
13574328
13574329
13574334
13574349
13574831
13575169
13575183
13575192
13575283
13578837
13578920
13580645
13584903
13587779
13588091
13588225
13593439
13598621
13599265
13600288
13604426
13605712
13608405
13608420
13608431
13610724
13618474
13620067
13620076
13623455
13625452
13625939
13626151
13626193
13626228
13626329
13630364
13631682
13631852
13632046
13632202
13632297
13632819
13632843
13636388
13636398
13637256
13637269
13637279
13637292
13637945
13638445
13639434
13640246
13640250
13640281
13640309
13640326
13640645
13641988
13642292
13643030
13643047
13643097
13643104
13643171
13643443
13644188
13644586
13644708
13644733
13645234
13645243
13645260
13645273
13645309
13645763
13646448
13646655
13648898
13648957
13649007
13649035
13649187
13649497
13650040
13651171
13651274
13655135
13656956
13657279
13659788
13663193
13663559
13664215
13668117
13668953
13671618
13671624
13671651
13671660
13673243
13673289
13673295
13673796
13673848
13678643
13684275
13685248
13686961
13686979
13688191
13688381
13688407
13688697
13689701
13689768
13692052
13692860
13692892
13692926
13693167
13693176
13695225
13695236
13696218
13699887
13703199
13706394
13708700
13712630
13713059
13713879
13714568
13714666
13718246
13719227
13721141
13722839
13725684
13726269
13726274
13726277
13727322
13727335
13733070
13733170
13733185
13733205
13733221
13733280
13733286
13733294
13733384
13733427
13734047
13735229
13735766
13736957
13736968
13736970
13737809
13738707
13739412
13739460
13740058
13744096
13744103
13749614
13751609
13751614
13751616
13752247
13756492
13757006
13757202
13760212
13762314
13762318
13762321
13762331
13762336
13762346
13762348
13762351
13762352
13762353
13762357
13762359
13762362
13762365
13762367
13762370
13762373
13762376
13762380
13762396
13762398
13762403
13762405
13763766
13768625
13770857
13771021
13771804
13776952
13781321
13785246
13785288
13788821
13788823
13789884
13794181
13795066
13796110
13796601
13798835
13798853
13800456
13800523
13801273
13801473
13801501
13802256
13803883
13807084
13807135
13807342
13808039
13809269
13809281
13816476
13820380
13822874
13822959
13827100
13827403
13827408
13829133
13834453
13839933
13841312
13842303
13842406
13842409
13844436
13844461
13848228
13848901
13853169
13853430
13854787
13858636
13858780
13861927
13874351
13878314
13878505
13878582
13878593
13880003
13885270
13886755
13887461
13891443
13896236
13896659
13896789
13906133
13914900
13918788
13920848
13925200
13926052
13926341
13949024
13949051
13949070
13950550
13950761
13950763
13950765
13952058
13952778
13957104
13959034
13959054
13961274
13961577
13961596
13966058
13967187
13969481
13975164
13976175
13976229
13976814
13978294
13978296
13978327
13980526
13984408
13984923
13985012
13990443
13991149
13991171
13991403
13997158
13998909
14002857
14002905
14003336
14010217
14014279
14016769
14017163
14022421
14028429
14028513
14028539
14028558
14028571
14028574
14042433
14042449
14042452
14042460
14042467
14042472
14042477
14042504
14043014
14046580
14049344
14051447
14051514
14051518
14051528
14051532
14051545
14051576
14051583
14051603
14051643
14051645
14051670
14051707
14051725
14051730
14051756
14051825
14051828
14051853
14051877
14051920
14052585
14053244
14053901
14053903
14053913
14054092
14054135
14054178
14054182
14054188
14054298
14054582
14054850
14055417
14056591
14056961
14056964
14056971
14056985
14056990
14057057
14057058
14062278
14062283
14062329
14065649
14066066
14066773
14066854
14066930
14067001
14068557
14072818
14072886
14078363
14078880
14082042
14082050
14082082
14092521
14092533
14092895
14093942
14107087
14119775
14119894
14134085
14137012
14138012
14138206
14139702
14139707
14147802
14147837
14147992
14148004
14149116
14152958
14156690
14156791
14162890
14163747
14170336
14170337
14171234
14172311
14175132
14176577
14185299
14187257
14187264
14187285
14187292
14187296
14187308
14187420
14191643
14191650
14195559
14198369
14198371
14203745
14203751
14203773
14209131
14216513
14231063
14241500
14242721
14242740
14248509
14262646
14269313
14281202
14284711
14287083
14292557
14292640
14293538
14294892
14295487
14298100
14305179
14311689
14323236
14333623
14334105
14336903
14337729
14337730
14338295
14345555
14349396
14350624
14363316
14363318
14364632
14365005
14365631
14371154
14371225
14372725
14372743
14378155
14385773
14390545
14391054
14397012
14397018
14397025
14397091
14408531
14411606
14416274
14416847
14417575
14417639
14420012
14427544
14430955
14447796
14448885
14449169
14454143
14454223
14461338
14470764
14471215
14472235
14472424
14473398
14473436
14473515
14477623
14477795
14477811
14477879
14477889
14477898
14477905
14477919
14477955
14477975
14477983
14477992
14480676
14480750
14480787
14480969
14484707
14485368
14487054
14487311
14494776
14496938
14498236
14498793
