14247192
14247196
14247204
14247209
14247215
14247224
14247233
14247238
14247250
14247550
14247690
14247705
14248099
14248104
14248158
14248187
14248269
14249391
14249464
14249563
14249573
14249602
14249609
14249619
14249621
14249630
14250257
14250260
14250299
14250305
14250509
14250709
14250739
14250762
14252638
14252646
14252732
14252737
14252739
14252758
14252765
14252768
14252786
14252792
14253562
14253797
14253805
14253830
14253941
14254176
14254184
14254344
14254353
14254396
14254418
14254540
14254548
14254605
14254615
14254758
14254765
14254848
14254863
14255109
14255123
14255454
14255632
14255643
14255645
14255747
14256176
14256204
14256276
14256337
14256338
14256364
14256711
14256714
14256717
14256822
14257297
14259214
14259241
14261439
14261465
14261487
14262838
14262900
14263240
14263242
14263251
14263310
14263433
14264228
14264230
14264308
14264321
14264343
14264400
14264421
14264479
14264493
14264505
14265419
14265683
14266118
14266153
14266253
14266265
14266276
14266429
14266469
14266474
14266562
14266567
14266598
14266641
14266709
14266726
14266761
14266834
14266848
14266851
14266867
14266888
14266909
14266938
14267041
14267043
14267182
14267209
14267236
14267255
14267281
14267286
14267329
14267358
14267469
14267477
14267501
14267513
14267519
14267522
14267531
14267537
14267545
14267574
14267705
14267715
14267755
14267789
14267830
14267837
14268079
14268102
14268291
14268607
14269089
14269399
14269575
14269703
14269711
14269815
14269839
14269886
14269890
14269892
14269900
14269907
14269917
14269920
14269941
14269967
14270080
14270082
14270222
14270231
14270263
14270847
14271140
14271153
14271243
14271256
14271388
14271991
14272211
14272250
14272348
14272433
14272438
14272457
14272481
14272492
14272548
14272725
14273192
14273205
14273501
14273508
14273514
14273530
14273532
14273581
14274688
14274711
14274828
14274905
14275146
14275528
14275861
14276157
14276161
14276320
14276342
14276439
14276513
14276573
14276677
14276696
14276699
14276877
14277107
14277344
14277995
14277999
14278266
14278276
14278288
14278622
14278634
14279837
14280419
14280863
14281020
14282415
14282606
14282615
14282625
14282671
14282740
14282843
14285831
14285853
14285861
14286259
14286272
14286484
14286521
14286778
14287070
14287098
14287104
14287150
14288165
14288169
14288314
14289136
14289145
14289261
14289349
14289363
14289415
14289426
14289884
14290150
14290834
14290950
14291205
14291211
14291311
14291318
14291791
14293018
14293110
14293121
14293193
14293224
14293230
14293380
14295548
14295552
14295564
14295570
14295657
14295672
14295717
14295961
14297200
14297212
14297287
14297310
14297440
14297460
14297478
14297819
14297836
14297950
14297977
14298000
14298889
14298890
14298893
14299179
14299210
14299292
14301243
14301278
14301969
14302056
14302058
14302308
14302531
14302610
14302630
14302687
14302818
14302873
14305440
14305463
14307591
14308541
14308568
14308576
14308626
14308749
14308755
14310399
14310687
14310697
14310704
14310739
14311137
14311560
14311569
14311577
14311578
14311586
14311588
14311643
14311656
14311673
14311677
14314406
14314802
14314807
14314841
14314848
14314967
14315462
14317401
14317414
14317422
14317432
14317444
14317982
14317983
14317985
14317986
14317988
14318310
14319039
14320051
14320063
14320075
14320142
14321685
14321690
14321700
14321706
14322052
14322893
14322908
14322923
14322925
14322930
14323288
14323294
14323315
14323523
14323561
14323692
14323707
14323804
14323818
14323825
14324364
14324388
14325589
14325599
14326438
14326732
14327522
14327697
14327701
14327729
14327734
14327839
14327969
14328315
14329539
14329655
14329675
14329922
14330155
14330714
14330787
14330801
14331986
14332276
14332387
14332390
14332426
14332439
14332444
14332464
14332480
14332513
14333199
14333463
14333469
14333474
14333617
14333944
14334005
14334187
14334190
14334194
14334195
14334241
14334279
14334423
14334607
14334616
14335776
14336392
14336436
14336682
14336828
14337138
14337727
14337738
14339156
14339174
14339183
14339189
14339580
14339629
14339810
14340196
14340523
14340535
14340540
14340546
14340641
14340687
14341573
14342141
14346792
14346797
14346984
14346988
14347075
14347080
14347177
14348395
14349711
14349784
14349816
14353293
14353437
14353440
14353448
14353455
14353502
14353609
14353708
14353714
14353755
14353806
14354866
14355902
14357240
14357288
14357353
14357356
14357357
14357636
14358354
14359448
14359455
14359473
14360000
14360023
14360027
14360170
14361022
14361026
14361031
14361049
14361091
14361198
14361202
14361238
14361366
14362176
14362188
14362306
14362442
14363282
14363936
14364482
14364488
14364502
14364524
14366418
14366425
14366440
14366443
14366585
14366769
14367394
14367407
14367587
14368589
14368606
14368663
14368686
14370558
14370564
14370586
14370592
14370745
14370750
14370797
14371373
14371379
14371396
14371408
14372036
14372117
14372848
14372858
14372864
14372869
14372991
14373007
14374986
14375030
14375040
14375475
14375477
14377207
14377213
14377279
14378357
14380210
14380212
14380248
14381363
14381403
14381451
14381470
14381570
14381627
14381680
14381708
14382303
14382686
14382688
14383030
14384376
14385037
14385134
14385152
14385168
14385418
14385539
14385546
14385549
14385562
14385651
14385671
14385910
14385916
14385937
14385984
14386014
14386020
14386026
14386037
14386040
14386043
14386128
14386138
14386146
14386194
14386238
14387749
14387750
14387751
14387752
14387756
14387790
14387876
14387892
14387904
14387905
14387911
14387915
14387922
14387936
14388000
14388078
14388127
14388143
14388726
14388756
14389033
14389809
14390054
14390432
14390434
14392076
14392083
14392110
14392114
14392193
14392944
14392950
14393805
14394829
14395289
14395596
14395608
14395626
14395651
14396754
14396758
14397065
14397232
14397265
14397428
14398359
14398372
14398451
14398457
14398492
14398499
14398614
14398788
14399113
14400431
14401461
14401808
14401839
14402179
14402186
14402922
14404951
14404964
14405019
14405024
14405096
14405170
14405828
14405836
14405961
14406576
14407464
14408704
14408706
14408773
14408826
14408840
14408862
14408865
14409007
14409291
14409529
14409750
14409944
14411310
14411316
14411397
14411403
14411470
14411572
14412171
14413855
14413856
14413889
14413912
14414976
14415323
14415386
14415534
14415556
14415571
14415681
14415750
14415755
14415759
14415880
14415888
14415910
14416098
14416104
14416268
14416433
14416447
14416570
14416593
14416691
14417283
14417645
14417656
14417673
14417678
14417778
14417779
14418014
14418298
14418469
14418992
14419061
14419064
14419096
14419450
14419531
14420048
14421180
14422001
14423550
14423551
14423553
14423562
14423563
14424487
14424838
14424843
14424897
14424901
14425137
14425438
14426150
14426158
14426177
14426682
14427612
14427616
14427794
14427827
14427848
14427858
14427941
14427963
14429349
14429531
14429594
14429600
14429621
14429792
14430515
14430572
14430774
14430782
14430783
14430786
14430817
14430843
14430876
14431076
14431446
14431695
14432858
14432915
14433005
14433033
14433042
14433265
14434031
14434035
14434077
14434116
14434189
14434194
14434333
14434488
14434492
14434525
14434529
14434533
14434534
14434608
14434613
14434620
14434624
14434634
14434871
14435111
14435679
14435687
14436008
14436877
14436884
14436979
14437257
14437289
14437474
14438802
14438821
14438842
14438863
14438872
14439024
14439026
14439041
14439047
14439416
14439597
14439602
14440914
14440933
14441081
14441103
14441119
14441121
14441123
14441138
14441139
14441166
14441171
14441188
14442367
14442369
14442373
14442376
14442517
14442518
14443293
14444447
14444545
14444577
14444596
14446002
14446808
14446813
14446847
14447376
14447422
14448232
14448239
14448250
14448769
14449082
14449162
14449287
14449305
14449334
14449359
14449377
14449382
14449393
14449528
14449605
14449608
14449612
14449736
14450302
14450801
14451392
14451490
14451498
14451590
14452531
14452541
14452546
14452587
14452660
14452811
14453212
14453242
14453275
14456350
14456477
14456507
14456788
14456796
14456912
14457043
14457861
14457867
14457922
14458422
14458430
14458462
14460992
14460995
14461172
14462996
14465448
14465503
14465505
14465514
14465625
14465640
14465644
14465648
14467328
14467671
14467679
14467755
14467769
14467903
14469240
14469243
14469894
14469957
14469963
14469970
14469972
14469974
14469978
14469992
14470077
14470225
14470908
14470915
14470919
14472198
14472290
14472334
14473700
14474744
14474754
14474961
14475018
14477183
14477621
14477627
14477693
14477702
14477707
14481855
14481868
14481994
14482060
14482190
14482353
14482888
14482904
14483091
14483804
14484321
14484325
14484345
14485636
14485644
14485727
14486245
14486805
14486813
14486929
14487237
14488043
14488211
14488704
14490464
14490665
14491104
14491204
14491290
14491992
14492371
14492407
14492431
14492486
14492494
14493306
14493515
14493521
14493533
14493559
14494412
14495134
14495609
14495632
14495634
14495704
14496653
14496656
14496816
14497247
14497257
14497801
14497802
14499040
14499043
14499361
14499813
