14490958
14490960
14490965
14490974
14490976
14490984
14490987
14490988
14490989
14490993
14490995
14490998
14491001
14491004
14491006
14491008
14491009
14491010
14491011
14491014
14491023
14491043
14491055
14491056
14491062
14491063
14491065
14491069
14491071
14491073
14491075
14491080
14491086
14491093
14491097
14491102
14491103
14491104
14491105
14491111
14491113
14491116
14491119
14491122
14491124
14491126
14491127
14491128
14491129
14491149
14491152
14491154
14491159
14491166
14491168
14491186
14491192
14491194
14491200
14491204
14491207
14491208
14491221
14491224
14491232
14491236
14491238
14491240
14491244
14491245
14491250
14491255
14491261
14491265
14491267
14491270
14491272
14491278
14491280
14491297
14491303
14491306
14491307
14491309
14491310
14491311
14491313
14491318
14491325
14491327
14491332
14491337
14491338
14491342
14491351
14491355
14491357
14491362
14491367
14491368
14491370
14491373
14491384
14491385
14491389
14491393
14491397
14491398
14491401
14491406
14491407
14491408
14491411
14491412
14491413
14491414
14491415
14491416
14491419
14491423
14491424
14491427
14491440
14491441
14491455
14491459
14491464
14491469
14491479
14491485
14491488
14491506
14491510
14491514
14491517
14491523
14491529
14491548
14491551
14491556
14491557
14491561
14491565
14491566
14491569
14491574
14491575
14491577
14491584
14491585
14491590
14491603
14491607
14491609
14491616
14491622
14491623
14491631
14491633
14491638
14491649
14491679
14491682
14491687
14491702
14491703
14491707
14491714
14491717
14491719
14491729
14491731
14491747
14491762
14491770
14491775
14491785
14491787
14491793
14491794
14491806
14491810
14491814
14491830
14491847
14491848
14491854
14491855
14491857
14491858
14491863
14491866
14491872
14491882
14491885
14491886
14491891
14491896
14491898
14491902
14491909
14491911
14491915
14491929
14491932
14491937
14491940
14491949
14491950
14491955
14491960
14491961
14491962
14491975
14491979
14491987
14491990
14491992
14491994
14491995
14492004
14492005
14492006
14492007
14492018
14492023
14492036
14492037
14492049
14492051
14492052
14492054
14492058
14492065
14492066
14492067
14492081
14492084
14492089
14492090
14492097
14492100
14492104
14492106
14492110
14492125
14492129
14492154
14492155
14492158
14492161
14492168
14492191
14492199
14492205
14492206
14492207
14492220
14492223
14492224
14492231
14492234
14492238
14492245
14492248
14492249
14492251
14492253
14492256
14492261
14492267
14492268
14492270
14492273
14492275
14492279
14492282
14492287
14492295
14492310
14492312
14492323
14492325
14492327
14492335
14492344
14492352
14492354
14492357
14492358
14492359
14492362
14492367
14492368
14492369
14492377
14492393
14492396
14492397
14492401
14492405
14492409
14492417
14492421
14492426
14492427
14492431
14492435
14492437
14492439
14492456
14492475
14492489
14492493
14492497
14492510
14492519
14492527
14492529
14492547
14492549
14492553
14492554
14492555
14492561
14492567
14492568
14492573
14492578
14492579
14492583
14492587
14492590
14492594
14492604
14492606
14492616
14492617
14492622
14492624
14492640
14492648
14492655
14492667
14492671
14492676
14492695
14492705
14492713
14492763
14492765
14492767
14492776
14492784
14492795
14492797
14492805
14492809
14492811
14492815
14492820
14492824
14492834
14492843
14492847
14492861
14492862
14492867
14492868
14492869
14492870
14492873
14492877
14492879
14492880
14492892
14492895
14492899
14492900
14492901
14492908
14492911
14492917
14492923
14492928
14492931
14492933
14492939
14492942
14492944
14492945
14492950
14492951
14492952
14492954
14492958
14492959
14492960
14492968
14492969
14492972
14492977
14492982
14493000
14493001
14493003
14493004
14493006
14493008
14493016
14493020
14493024
14493027
14493031
14493037
14493038
14493042
14493046
14493054
14493056
14493064
14493068
14493069
14493072
14493079
14493080
14493083
14493090
14493096
14493099
14493100
14493101
14493105
14493108
14493110
14493127
14493131
14493132
14493142
14493150
14493154
14493157
14493161
14493181
14493206
14493249
14493256
14493259
14493261
14493271
14493276
14493278
14493284
14493309
14493318
14493333
14493344
14493363
14493369
14493374
14493376
14493381
14493394
14493396
14493407
14493414
14493415
14493424
14493428
14493432
14493442
14493452
14493457
14493467
14493474
14493476
14493478
14493486
14493492
14493496
14493499
14493500
14493506
14493513
14493516
14493520
14493526
14493532
14493533
14493539
14493542
14493543
14493556
14493559
14493561
14493562
14493567
14493569
14493575
14493576
14493580
14493583
14493604
14493610
14493623
14493626
14493630
14493632
14493643
14493649
14493676
14493677
14493683
14493686
14493687
14493692
14493700
14493737
14493756
14493760
14493831
14493833
14493838
14493849
14493850
14493852
14493854
14493855
14493857
14493860
14493866
14493869
14493870
14493890
14493913
14493921
14493922
14493925
14493930
14493933
14493938
14493941
14493944
14493946
14493949
14493957
14493963
14493966
14493988
14494003
14494011
14494013
14494016
14494020
14494023
14494046
14494059
14494076
14494081
14494094
14494096
14494103
14494127
14494154
14494219
14494222
14494224
14494231
14494238
14494240
14494245
14494251
14494253
14494254
14494264
14494267
14494276
14494278
14494284
14494309
14494316
14494322
14494329
14494338
14494344
14494345
14494347
14494360
14494364
14494370
14494375
14494388
14494390
14494392
14494403
14494421
14494455
14494463
14494489
14494493
14494496
14494507
14494509
14494523
14494524
14494534
14494550
14494566
14494595
14494629
14494679
14494687
14494696
14494697
14494698
14494708
14494712
14494714
14494747
14494764
14494780
14494783
14494789
14494801
14494802
14494810
14494839
14494848
14494905
14494913
14494948
14494959
14494962
14494963
14494968
14494969
14494972
14495006
14495016
14495022
14495056
14495060
14495066
14495069
14495075
14495093
14495096
14495106
14495109
14495110
14495114
14495116
14495121
14495128
14495129
14495133
14495138
14495140
14495142
14495145
14495151
14495169
14495184
14495187
14495202
14495204
14495206
14495213
14495217
14495218
14495232
14495240
14495246
14495247
14495254
14495269
14495285
14495298
14495301
14495304
14495322
14495395
14495422
14495433
14495440
14495446
14495456
14495457
14495460
14495461
14495466
14495476
14495517
14495542
14495561
14495582
14495598
14495611
14495621
14495630
14495633
14495634
14495644
14495651
14495662
14495663
14495665
14495677
14495694
14495718
14495735
14495739
14495745
14495748
14495749
14495752
14495769
14495778
14495779
14495786
14495787
14495795
14495797
14495803
14495807
14495808
14495814
14495823
14495831
14495860
14495883
14495885
14495889
14495899
14495901
14495995
14496012
14496018
14496020
14496021
14496064
14496082
14496092
14496098
14496107
14496111
14496116
14496117
14496121
14496123
14496125
14496136
14496168
14496209
14496217
14496236
14496237
14496265
14496281
14496331
14496370
14496373
14496374
14496378
14496388
14496424
14496435
14496445
14496453
14496513
14496565
14496579
14496587
14496592
14496603
14496611
14496616
14496627
14496643
14496656
14496659
14496678
14496690
14496697
14496703
14496718
14496719
14496736
14496737
14496745
14496748
14496782
14496784
14496787
14496794
14496806
14496810
14496811
14496827
14496828
14496831
14496832
14496875
14496876
14496900
14496903
14496905
14496909
14496911
14496924
14496926
14496932
14496941
14496956
14496976
14497013
14497025
14497032
14497096
14497099
14497105
14497150
14497156
14497165
14497172
14497198
14497203
14497205
14497209
14497213
14497221
14497224
14497230
14497244
14497247
14497260
14497264
14497271
14497274
14497287
14497294
14497323
14497329
14497332
14497333
14497364
14497381
14497382
14497383
14497387
14497399
14497416
14497426
14497432
14497445
14497455
14497466
14497474
14497481
14497487
14497493
14497498
14497501
14497504
14497524
14497531
14497532
14497535
14497537
14497607
14497628
14497638
14497657
14497661
14497672
14497751
14497755
14497761
14497777
14497782
14497903
14497909
14497930
14497984
14497988
14497999
14498004
14498010
14498013
14498020
14498022
14498030
14498035
14498053
14498054
14498058
14498080
14498106
14498114
14498115
14498117
14498150
14498156
14498158
14498213
14498217
14498227
14498284
14498310
14498373
14498376
14498386
14498391
14498393
14498407
14498426
14498469
14498494
14498504
14498509
14498517
14498518
14498519
14498528
14498574
14498587
14498624
14498641
14498647
14498699
14498708
14498710
14498725
14498758
14498809
14498819
14498825
14498840
14498885
14498902
14498908
14498915
14498916
14498935
14498985
14498990
14498991
14499013
14499029
14499099
14499170
14499205
14499207
14499214
14499223
14499237
14499246
14499269
14499278
14499284
14499313
14499327
14499342
14499358
14499382
14499383
14499390
14499405
14499437
14499455
14499457
14499491
14499525
14499532
14499537
14499544
14499582
14499614
14499640
14499678
14499686
14499698
14499704
14499705
14499754
14499760
14499770
14499790
14499841
14499847
14499848
14499851
14499853
14499917
14499924
14499932
14499938
14499941
14499949
14499957
