12800325
12800332
12800340
12804115
12804127
12804132
12804334
12804338
12804363
12804820
12807931
12810306
12810312
12810319
12811752
12811848
12812927
12816185
12817806
12820818
12822565
12824618
12824658
12824663
12828813
12829093
12829790
12830011
12830033
12835085
12835478
12843632
12843666
12843726
12845002
12845298
12845411
12854376
12855431
12856864
12856877
12857603
12860314
12860724
12860821
12860880
12861593
12861694
12862303
12864313
12867877
12888153
12888180
12888185
12888192
12888194
12889524
12889553
12890795
12895316
12895322
12896228
12896253
12896319
12896402
12896407
12898263
12899459
12899465
12900031
12900037
12900064
12900333
12905061
12909234
12920381
12924254
12924654
12925382
12928827
12928897
12931392
12931396
12931397
12932157
12936751
12936786
12943554
12943580
12944224
12944231
12944232
12944234
12944248
12947665
12950805
12951329
12953122
12955360
12955740
12955832
12956676
12957210
12958917
12958945
12958962
12959009
12959051
12959090
12959412
12963367
12963368
12964307
12967636
12967943
12968415
12970072
12970425
12971390
12974372
12974404
12974415
12974442
12974684
12974695
12977959
12978638
12978647
12981020
12982299
12982979
12983071
12983072
12983095
12985291
12985708
12989684
12989759
12991037
12991140
12991386
12992884
12992891
12993937
12996040
12999035
13002163
13003764
13003816
13004561
13010690
13015048
13015170
13015179
13015197
13015220
13015225
13015230
13015237
13015246
13015256
13015264
13015873
13017395
13017412
13031041
13033766
13035270
13035859
13036672
13037735
13040393
13043085
13044710
13046751
13048197
13048238
13053565
13059613
13067211
13067219
13067223
13067233
13067252
13067261
13074889
13074927
13080559
13080574
13081029
13081047
13083284
13091090
13092718
13098133
13098177
13098182
13098207
13100804
13111460
13112450
13113406
13113459
13113596
13121961
13125784
13125862
13126605
13131815
13131821
13131877
13131963
13132046
13132355
13137800
13137901
13137906
13145157
13145700
13146333
13146387
13152195
13159438
13159448
13159482
13159486
13160835
13165543
13165742
13165754
13165771
13165797
13165841
13165847
13165852
13166540
13170153
13170157
13170170
13170406
13170407
13170425
13171896
13171968
13172008
13172081
13172084
13173122
13173165
13173174
13173770
13178851
13180150
13184612
13188341
13191053
13191121
13194340
13194356
13196567
13203423
13203457
13203870
13203874
13203967
13205068
13205405
13205665
13205685
13205703
13205729
13205759
13205767
13207046
13209318
13209332
13209341
13209349
13209607
13209618
13211557
13211572
13211776
13211793
13212045
13212070
13212116
13212129
13212462
13212464
13212607
13212611
13212676
13213546
13213554
13213564
13213568
13213574
13213580
13213588
13213590
13213601
13213604
13213618
13214954
13222238
13222256
13223604
13229257
13230145
13230150
13230722
13236874
13236956
13246072
13246268
13246519
13246535
13246541
13246573
13246582
13246610
13246622
13246631
13246637
13248116
13248270
13265714
13265765
13266966
13267007
13267902
13267928
13267951
13267960
13268136
13268691
13270979
13271033
13271107
13271541
13271653
13273827
13275722
13275861
13275884
13275890
13276278
13276288
13276316
13276321
13276326
13276347
13276361
13276365
13276786
13279129
13279192
13279205
13279395
13279421
13279454
13280979
13281024
13281026
13281135
13281235
13281255
13281279
13286131
13286197
13286379
13286416
13286434
13286438
13286447
13286925
13293944
13294077
13294770
13294790
13294805
13294810
13294842
13294846
13294870
13294879
13296220
13296232
13296241
13296247
13296254
13296259
13296307
13296324
13296400
13296411
13296467
13300086
13305316
13306932
13306936
13314839
13314848
13314860
13314951
13319181
13319200
13319208
13320309
13320348
13321384
13323733
13326051
13331703
13333738
13336334
13336368
13336381
13336390
13336414
13336434
13337037
13337068
13337109
13337113
13337578
13337668
13337681
13337739
13337788
13337799
13337804
13337877
13337901
13338644
13338701
13338843
13338865
13338895
13338919
13338983
13338995
13339038
13339042
13339096
13339106
13339145
13339155
13339159
13339171
13339175
13339209
13339219
13339240
13339245
13339256
13339304
13339326
13339580
13339596
13339740
13340094
13340451
13340601
13340641
13340648
13340690
13340720
13340777
13345376
13345381
13345384
13346235
13348783
13349220
13351128
13351810
13351819
13351874
13351896
13351917
13351921
13353336
13353445
13353472
13353873
13353891
13365489
13366969
13370945
13370980
13376530
13379022
13384546
13384655
13384702
13384726
13384728
13384812
13384829
13384860
13384868
13384883
13384892
13385820
13386331
13393663
13396149
13396186
13402052
13405855
13406456
13420890
13422917
13423154
13426067
13426834
13429633
13432684
13432699
13432722
13432727
13433028
13433066
13433073
13434123
13438044
13441265
13442719
13447463
13447478
13460352
13460454
13461116
13461145
13461753
13463474
13467986
13472115
13472951
13473050
13478080
13478087
13480401
13481059
13490020
13493306
13496192
13498244
13511155
13511162
13511172
13512068
13513058
13513093
13522313
13526563
13528225
13530687
13530737
13530741
13536531
13536561
13548807
13550074
13557087
13557419
13568241
13572952
13573384
13573441
13573458
13575770
13576041
13576061
13578159
13581941
13594339
13600964
13626370
13633756
13638238
13638254
13638274
13638298
13638305
13638314
13638321
13638330
13638335
13638342
13638349
13638360
13638409
13638418
13638423
13638436
13638437
13638443
13638453
13638459
13639045
13639048
13639056
13642112
13642135
13656746
13656803
13656838
13656895
13667100
13669571
13671618
13672169
13676743
13676810
13677022
13681005
13686452
13687531
13687953
13693439
13693767
13698923
13702344
13706322
13706343
13707948
13708766
13713895
13721434
13724712
13731158
13731162
13731926
13731938
13731951
13731980
13731991
13732399
13734305
13737331
13738209
13739517
13739537
13743009
13743111
13743120
13743588
13743616
13743682
13743697
13743717
13743722
13743737
13743748
13744639
13744644
13744693
13744697
13744748
13755900
13759792
13763177
13774817
13778358
13778595
13789887
13790922
13794361
13794619
13794631
13794641
13804674
13808177
13808184
13815125
13820093
13839673
13842646
13842715
13848882
13855871
13859133
13859141
13859152
13859156
13859164
13859174
13860347
13903256
13906890
13942044
13949426
13949430
13949433
13949435
13949442
13949446
13949451
13949455
13949463
13949465
13949466
13949474
13949476
13949481
13951895
13951906
13957457
13957469
13962183
13964716
13975878
13975899
13976332
13976818
13981980
13982870
13988959
14001276
14022113
14029034
14029052
14029618
14029700
14029938
14029940
14034024
14034032
14034590
14034597
14034626
14034637
14034661
14034675
14034686
14034718
14034761
14034853
14034955
14035336
14035373
14035536
14048099
14048169
14051881
14051909
14051961
14067130
14067144
14067358
14073963
14073992
14074085
14074096
14074188
14074324
14074421
14074446
14088538
14093100
14094200
14094247
14094275
14094284
14094287
14094301
14094763
14095242
14097943
14097949
14097956
14097957
14101055
14104257
14104495
14120209
14125713
14131336
14131345
14131375
14137798
14137812
14137841
14137896
14137901
14137928
14137937
14137942
14137959
14137990
14137991
14138012
14138032
14138054
14138062
14138072
14138077
14138088
14139074
14139304
14139558
14139560
14139564
14139864
14139878
14139884
14143965
14144029
14144215
14144407
14144491
14144496
14144503
14144509
14144520
14144532
14144538
14144557
14144568
14144576
14144592
14144599
14144612
14144621
14144628
14144650
14144727
14144896
14144927
14145019
14150994
14151012
14151092
14151919
14151944
14156724
14156784
14156791
14156812
14156856
14156941
14156950
14157009
14157043
14164170
14164174
14164177
14164179
14164182
14164188
14164244
14164248
14164281
14164282
14164384
14164385
14164386
14166083
14166490
14169188
14173296
14173335
14176165
14182231
14184086
14184524
14189446
14189898
14189901
14190907
14198143
14201644
14201836
14211455
14211479
14217097
14217126
14217219
14219541
14222086
14222401
14229322
14229567
14234798
14234822
14234854
14234870
14234888
14234936
14235294
14235367
14241247
14241254
14241257
14241536
14241584
14242301
14242460
14243813
14244539
14244726
14248057
14249457
14249565
14260347
14269207
14269404
14274876
14274881
14275047
14278860
14278910
14278935
14278967
14279747
14279798
14279814
14279871
14280788
14281311
14288421
14293170
14311747
14313350
14318864
14319054
14319107
14320594
14332787
14332884
14332898
14333035
14333065
14333080
14333087
14337900
14346349
14356901
14356929
14365641
14366796
14370586
14370632
14371019
14371025
14371636
14371730
14371849
14388659
14388958
14390369
14390506
14390658
14390706
14390709
14391084
14391103
14391417
14391449
14391902
14391943
14393979
14393992
14394112
14394161
14394226
14394256
14394275
14394287
14394312
14394328
14394464
14394470
14394507
14394645
14394654
14397799
14397802
14454178
14454457
14454649
14454726
14459394
14459444
14459461
14460622
14461037
14461075
14461158
14461287
14474767
14480089
14491551
14491721
14493079
14494044
14499214
