14415928
14416042
14416309
14416316
14416319
14416700
14416701
14416704
14416705
14416821
14416965
14416967
14417014
14417038
14417138
14417146
14417307
14417669
14417697
14417698
14418193
14418929
14418959
14419058
14419188
14419297
14419511
14419592
14419640
14419783
14419855
14420462
14420569
14420576
14420619
14421016
14421022
14421095
14421792
14421846
14421865
14421964
14422012
14422186
14422399
14423251
14424323
14424326
14424443
14424459
14424508
14424723
14424767
14424770
14424821
14425325
14425346
14425407
14425616
14425646
14425649
14425651
14425814
14425828
14425888
14425907
14425928
14425931
14426379
14426514
14426604
14428093
14428095
14428491
14428922
14429696
14429702
14429711
14430229
14430500
14430501
14430502
14430707
14430845
14430866
14431746
14432133
14432158
14433178
14433179
14433180
14433182
14433184
14433246
14433248
14433257
14433345
14433346
14433347
14433351
14433442
14433449
14433532
14433537
14433538
14433539
14433568
14433721
14433877
14434081
14434096
14434101
14434105
14434108
14434174
14434548
14434571
14434580
14434809
14435039
14435071
14435201
14435202
14435517
14435584
14435654
14435671
14435861
14436049
14436053
14436237
14436328
14436509
14436631
14436637
14437186
14437369
14437407
14437457
14437465
14437619
14437726
14438185
14439101
14439182
14439209
14439229
14439248
14439320
14439321
14439327
14439336
14439384
14439426
14439427
14439462
14439497
14439499
14439559
14439584
14439585
14439591
14439595
14439640
14439667
14439672
14439676
14439792
14439969
14439972
14440031
14440073
14440344
14440369
14440893
14440894
14440963
14440966
14440968
14440972
14440979
14440985
14441037
14441065
14441075
14441077
14441081
14441094
14441098
14441113
14441132
14441136
14441262
14441290
14441585
14441587
14441588
14441590
14441592
14441593
14441594
14441599
14441600
14441601
14441603
14441604
14441605
14441606
14441608
14441609
14441612
14441614
14441616
14441620
14441629
14441634
14441662
14441690
14441696
14441706
14441731
14441772
14441776
14441777
14441779
14441780
14441783
14441785
14441786
14441787
14441788
14441805
14441812
14441819
14441840
14441872
14441880
14441881
14441883
14441890
14441897
14441898
14441899
14441908
14441912
14441913
14441914
14441915
14441918
14441919
14441920
14441924
14441929
14441932
14441942
14441943
14441945
14441946
14441947
14441948
14441955
14441986
14441992
14441995
14441996
14442002
14442004
14442008
14442009
14442010
14442011
14442013
14442016
14442017
14442020
14442026
14442030
14442047
14442049
14442050
14442053
14442058
14442063
14442065
14442098
14442105
14442109
14442121
14442126
14442129
14442130
14442137
14442138
14442147
14442151
14442159
14442184
14442187
14442214
14442218
14442219
14442221
14442225
14442228
14442233
14442245
14442246
14442247
14442253
14442286
14442288
14442295
14442297
14442298
14442299
14442313
14442314
14442319
14442323
14442326
14442335
14442342
14442345
14442351
14442354
14442356
14442362
14442364
14442365
14442366
14442367
14442369
14442370
14442373
14442375
14442404
14442406
14442408
14442419
14442428
14442429
14442445
14442465
14442471
14442477
14442552
14442556
14442557
14442560
14442562
14442578
14442596
14442894
14442918
14443028
14443036
14443180
14443248
14443251
14443303
14443312
14443352
14443358
14443368
14443429
14443440
14443516
14443522
14443540
14443548
14443555
14443556
14443588
14443638
14443702
14443717
14444000
14444007
14444026
14444041
14444047
14444051
14444384
14444388
14444401
14444466
14444646
14444691
14444697
14444702
14444720
14444761
14444858
14444878
14444931
14444938
14444966
14444969
14445039
14445040
14445044
14445045
14445057
14445088
14445103
14445221
14445229
14445236
14445242
14445243
14445250
14445257
14445263
14445453
14445558
14445580
14445581
14445585
14445758
14445804
14445807
14445953
14445969
14446154
14446159
14446216
14446478
14446752
14446753
14446754
14446767
14446969
14447124
14447203
14447221
14447361
14447370
14447376
14447442
14447466
14447472
14447912
14447947
14448074
14448125
14448189
14448198
14448207
14448225
14448368
14448482
14448578
14448710
14448785
14449133
14449141
14449188
14450103
14450106
14450108
14450110
14450111
14450161
14450171
14450177
14450178
14450186
14450208
14450214
14450221
14450227
14450233
14450258
14450274
14450301
14450533
14450539
14450761
14450768
14450772
14450775
14450776
14450779
14450783
14450791
14450792
14450795
14450818
14451039
14451634
14451636
14451640
14451645
14451818
14452088
14452281
14452505
14452509
14452539
14453082
14453199
14453279
14453281
14453294
14453438
14453459
14453559
14453756
14453760
14453775
14453872
14453903
14453907
14454130
14454257
14454259
14454304
14454352
14454622
14454682
14454694
14454709
14454717
14454745
14455200
14455226
14455238
14455243
14455266
14455373
14455426
14455429
14455457
14456407
14456421
14456800
14456824
14456831
14456832
14456845
14456848
14456876
14457263
14457361
14457436
14457486
14457641
14458410
14458508
14458513
14458514
14458836
14458839
14458892
14458914
14459077
14459142
14459180
14459181
14459185
14459188
14459357
14459363
14459408
14459472
14459494
14459579
14459581
14459586
14459594
14459654
14459997
14460136
14460229
14460329
14460345
14460351
14460361
14460420
14460494
14460549
14460564
14460583
14460668
14460698
14460709
14460791
14460951
14460959
14460983
14461139
14461201
14461563
14461696
14461720
14461723
14461728
14461730
14461731
14461737
14461740
14461786
14461789
14461803
14461823
14461825
14461826
14461830
14461839
14461868
14461874
14461877
14461927
14461928
14461930
14461972
14461987
14462098
14462391
14462658
14462671
14462726
14462728
14462729
14463291
14463490
14463745
14463877
14464081
14464127
14464248
14464378
14465232
14465273
14465384
14465386
14465396
14465643
14465646
14465657
14465658
14465661
14465663
14465667
14465702
14465743
14465797
14465841
14465853
14465863
14465866
14465872
14465874
14465876
14465883
14465971
14466247
14466262
14466277
14466289
14466475
14466965
14466991
14466999
14467119
14467125
14467230
14467317
14467445
14467652
14467710
14467769
14467776
14467779
14467965
14468317
14468853
14468917
14469170
14469488
14470253
14470334
14470608
14470636
14470645
14471087
14471188
14471770
14471772
14471773
14471774
14471787
14472219
14472472
14472481
14472575
14472580
14472741
14472772
14472779
14472792
14472949
14473016
14473024
14473027
14473119
14473136
14473145
14473438
14473598
14473602
14474150
14474297
14474336
14474465
14474525
14474560
14474679
14474680
14474701
14474715
14474767
14475065
14475921
14476307
14476395
14476420
14476428
14476654
14476659
14476662
14476676
14476726
14476949
14476970
14476971
14476979
14477432
14478246
14478319
14478321
14478493
14478905
14479101
14479103
14479123
14479162
14479191
14479192
14479415
14479779
14479793
14479824
14479836
14479841
14479957
14480407
14480409
14480448
14481053
14481060
14481115
14481118
14481834
14481951
14481986
14482000
14482272
14482519
14482688
14482962
14483195
14483246
14483257
14483322
14483367
14483373
14483399
14483602
14483817
14484584
14484899
14484949
14484956
14484961
14485184
14485306
14485356
14485475
14485605
14485780
14485942
14485948
14485952
14485985
14486004
14486010
14486208
14486527
14486588
14486601
14486616
14486617
14486632
14486633
14486634
14486638
14486644
14486647
14486659
14486675
14486676
14486684
14486685
14486686
14486696
14487259
14487264
14487289
14487295
14487300
14487325
14487328
14487329
14487335
14487338
14487471
14487485
14487501
14487508
14487509
14487510
14487511
14487513
14487517
14487518
14487523
14487705
14487711
14487728
14487729
14487734
14487777
14487790
14487931
14487971
14488022
14488034
14488101
14488561
14489022
14489058
14489297
14489488
14489548
14489610
14489983
14490036
14490074
14490091
14490094
14490095
14490097
14490100
14490101
14490105
14490116
14490314
14490320
14490333
14490403
14490408
14490428
14490429
14490432
14490482
14490572
14490655
14490656
14490657
14490676
14490713
14490761
14490866
14490867
14490868
14490870
14490929
14490950
14490958
14491035
14491063
14491175
14491285
14491302
14491346
14491693
14491708
14491758
14491812
14491822
14491858
14491942
14491951
14491984
14491986
14492019
14492022
14492033
14492049
14492073
14492089
14492090
14492098
14492188
14492233
14492340
14492344
14492350
14492391
14492396
14492517
14492787
14492880
14492938
14492939
14492954
14493018
14493102
14493159
14493165
14493168
14493178
14493182
14493184
14493187
14493208
14493306
14493313
14493467
14493472
14493477
14493523
14493526
14493634
14493678
14494284
14494329
14494362
14494885
14494972
14495000
14495024
14495031
14495149
14495324
14495356
14495358
14495487
14495495
14495506
14495542
14495579
14495588
14495956
14496020
14496047
14496050
14496051
14496166
14496190
14496193
14496532
14496538
14496553
14496560
14496983
14496989
14497136
14497253
14497270
14497463
14497815
14497839
14497849
14497881
14498004
14498017
14498021
14498022
14498025
14498034
14498184
14498284
14498401
14498514
14498559
14498958
14499011
14499028
