14492273
14492286
14492298
14492303
14492308
14492309
14492311
14492314
14492316
14492336
14492337
14492342
14492349
14492359
14492360
14492379
14492380
14492382
14492387
14492396
14492400
14492408
14492412
14492421
14492429
14492434
14492450
14492456
14492460
14492465
14492468
14492472
14492475
14492476
14492479
14492480
14492481
14492489
14492507
14492546
14492561
14492564
14492590
14492593
14492598
14492604
14492607
14492613
14492616
14492618
14492619
14492622
14492627
14492628
14492635
14492639
14492642
14492645
14492648
14492650
14492654
14492658
14492665
14492668
14492672
14492674
14492676
14492679
14492693
14492695
14492698
14492710
14492717
14492722
14492725
14492733
14492739
14492740
14492744
14492748
14492762
14492765
14492787
14492792
14492793
14492796
14492804
14492811
14492812
14492821
14492825
14492831
14492834
14492854
14492862
14492864
14492869
14492879
14492883
14492885
14492889
14492899
14492902
14492910
14492914
14492921
14492941
14492943
14492945
14492946
14492972
14492979
14492985
14493003
14493009
14493014
14493024
14493028
14493035
14493038
14493049
14493072
14493074
14493083
14493090
14493094
14493098
14493109
14493115
14493119
14493131
14493141
14493143
14493150
14493155
14493157
14493169
14493178
14493190
14493191
14493194
14493201
14493203
14493207
14493210
14493216
14493219
14493222
14493235
14493249
14493252
14493258
14493274
14493289
14493291
14493295
14493298
14493305
14493311
14493320
14493325
14493330
14493347
14493353
14493357
14493365
14493368
14493374
14493377
14493389
14493392
14493409
14493411
14493429
14493434
14493436
14493446
14493452
14493455
14493463
14493466
14493483
14493487
14493492
14493501
14493515
14493530
14493552
14493561
14493562
14493563
14493567
14493570
14493572
14493582
14493589
14493593
14493595
14493599
14493603
14493606
14493610
14493618
14493628
14493630
14493631
14493634
14493637
14493643
14493646
14493648
14493650
14493653
14493657
14493661
14493687
14493689
14493692
14493695
14493696
14493698
14493702
14493711
14493715
14493722
14493734
14493737
14493740
14493743
14493753
14493758
14493762
14493765
14493783
14493787
14493790
14493795
14493798
14493806
14493823
14493829
14493833
14493847
14493868
14493873
14493875
14493878
14493889
14493892
14493893
14493896
14493915
14493936
14493938
14493944
14493949
14493959
14493962
14493967
14493990
14494009
14494014
14494035
14494044
14494046
14494049
14494053
14494065
14494073
14494088
14494091
14494100
14494108
14494117
14494123
14494127
14494141
14494144
14494152
14494159
14494166
14494169
14494176
14494185
14494190
14494195
14494200
14494203
14494224
14494227
14494228
14494231
14494240
14494245
14494253
14494258
14494267
14494272
14494274
14494280
14494285
14494292
14494297
14494305
14494319
14494324
14494329
14494333
14494337
14494355
14494362
14494369
14494375
14494413
14494424
14494429
14494436
14494438
14494443
14494446
14494457
14494459
14494468
14494473
14494484
14494496
14494502
14494510
14494513
14494524
14494528
14494538
14494547
14494555
14494597
14494611
14494616
14494622
14494648
14494678
14494680
14494683
14494687
14494697
14494700
14494707
14494721
14494724
14494738
14494747
14494754
14494761
14494767
14494772
14494779
14494781
14494784
14494789
14494795
14494812
14494822
14494825
14494840
14494843
14494845
14494850
14494858
14494861
14494873
14494888
14494897
14494905
14494913
14494926
14494933
14494954
14494960
14494973
14494977
14494979
14495002
14495006
14495009
14495037
14495038
14495058
14495072
14495078
14495080
14495095
14495131
14495134
14495144
14495152
14495169
14495197
14495203
14495210
14495215
14495217
14495219
14495222
14495240
14495243
14495267
14495271
14495274
14495294
14495306
14495308
14495342
14495352
14495357
14495360
14495370
14495375
14495378
14495382
14495383
14495391
14495401
14495406
14495409
14495425
14495429
14495434
14495437
14495439
14495442
14495446
14495457
14495464
14495471
14495474
14495480
14495484
14495487
14495496
14495497
14495507
14495508
14495533
14495547
14495550
14495554
14495556
14495559
14495563
14495572
14495576
14495581
14495589
14495595
14495603
14495605
14495608
14495610
14495611
14495632
14495633
14495640
14495643
14495649
14495651
14495656
14495687
14495697
14495714
14495720
14495723
14495730
14495732
14495735
14495741
14495745
14495765
14495767
14495770
14495781
14495788
14495790
14495806
14495807
14495809
14495823
14495824
14495831
14495834
14495846
14495849
14495854
14495859
14495869
14495872
14495878
14495881
14495883
14495892
14495904
14495908
14495910
14495918
14495922
14495934
14495936
14495943
14495963
14495968
14495976
14495983
14495995
14496028
14496038
14496044
14496060
14496084
14496103
14496109
14496119
14496135
14496137
14496153
14496156
14496164
14496170
14496198
14496202
14496205
14496209
14496220
14496227
14496231
14496238
14496245
14496248
14496254
14496257
14496267
14496271
14496274
14496277
14496284
14496294
14496295
14496301
14496306
14496316
14496318
14496324
14496337
14496350
14496352
14496360
14496378
14496399
14496405
14496410
14496414
14496420
14496423
14496427
14496430
14496435
14496438
14496451
14496452
14496454
14496458
14496460
14496461
14496470
14496488
14496489
14496507
14496539
14496544
14496554
14496562
14496580
14496584
14496602
14496604
14496607
14496609
14496615
14496619
14496622
14496625
14496631
14496633
14496636
14496637
14496642
14496644
14496670
14496677
14496678
14496690
14496692
14496694
14496696
14496705
14496716
14496718
14496730
14496736
14496738
14496740
14496746
14496752
14496757
14496772
14496784
14496785
14496787
14496812
14496816
14496818
14496822
14496828
14496841
14496856
14496861
14496863
14496896
14496900
14496919
14496936
14496939
14496943
14496951
14496956
14496966
14496981
14496983
14496989
14497004
14497021
14497039
14497061
14497062
14497070
14497087
14497092
14497101
14497121
14497124
14497149
14497157
14497164
14497173
14497176
14497189
14497193
14497206
14497216
14497226
14497234
14497236
14497244
14497247
14497258
14497274
14497288
14497290
14497296
14497306
14497313
14497321
14497327
14497334
14497341
14497345
14497354
14497355
14497361
14497365
14497378
14497387
14497389
14497401
14497416
14497420
14497427
14497439
14497446
14497451
14497482
14497494
14497499
14497509
14497512
14497515
14497523
14497538
14497540
14497552
14497560
14497563
14497571
14497598
14497601
14497608
14497612
14497616
14497646
14497649
14497655
14497664
14497669
14497672
14497675
14497680
14497699
14497704
14497706
14497713
14497717
14497720
14497723
14497730
14497734
14497737
14497745
14497752
14497760
14497781
14497796
14497798
14497799
14497803
14497811
14497829
14497832
14497834
14497861
14497869
14497878
14497881
14497889
14497894
14497918
14497932
14497947
14497959
14497983
14497987
14497989
14498000
14498006
14498009
14498014
14498021
14498024
14498028
14498034
14498040
14498043
14498051
14498054
14498063
14498067
14498080
14498083
14498086
14498112
14498120
14498131
14498143
14498158
14498173
14498182
14498191
14498193
14498200
14498208
14498213
14498214
14498220
14498222
14498232
14498250
14498253
14498255
14498273
14498282
14498292
14498303
14498314
14498315
14498330
14498336
14498340
14498348
14498354
14498358
14498362
14498367
14498368
14498378
14498394
14498403
14498422
14498423
14498437
14498451
14498453
14498455
14498468
14498470
14498474
14498478
14498490
14498527
14498531
14498537
14498556
14498568
14498575
14498577
14498588
14498612
14498615
14498627
14498630
14498659
14498670
14498677
14498678
14498690
14498700
14498705
14498733
14498748
14498756
14498769
14498773
14498778
14498780
14498789
14498794
14498811
14498821
14498827
14498829
14498848
14498861
14498866
14498869
14498880
14498886
14498893
14498899
14498906
14498927
14498929
14498930
14498935
14498946
14498952
14498957
14498959
14498961
14498967
14498986
14498993
14498994
14499011
14499018
14499022
14499028
14499057
14499058
14499062
14499069
14499075
14499082
14499086
14499093
14499100
14499106
14499109
14499126
14499132
14499140
14499154
14499159
14499162
14499173
14499182
14499196
14499200
14499217
14499223
14499232
14499234
14499236
14499244
14499259
14499274
14499284
14499300
14499302
14499311
14499313
14499320
14499323
14499325
14499329
14499332
14499335
14499348
14499355
14499358
14499375
14499379
14499406
14499410
14499417
14499420
14499425
14499429
14499434
14499444
14499451
14499453
14499461
14499478
14499483
14499488
14499491
14499498
14499510
14499516
14499520
14499524
14499527
14499533
14499550
14499551
14499570
14499574
14499581
14499582
14499591
14499612
14499618
14499637
14499641
14499644
14499648
14499659
14499672
14499684
14499687
14499695
14499698
14499703
14499705
14499710
14499716
14499727
14499730
14499754
14499759
14499774
14499775
14499778
14499784
14499793
14499802
14499809
14499815
14499821
14499823
14499831
14499832
14499839
14499845
14499849
14499853
14499858
14499865
14499868
14499880
14499895
14499908
14499912
14499920
14499924
14499931
14499933
14499938
14499953
14499956
14499959
14499967
14499970
14499978
14499997
