14447919
14448012
14448032
14448152
14448154
14448164
14448218
14448226
14448237
14448342
14448399
14448431
14448524
14448527
14448562
14448703
14448720
14448740
14448749
14448792
14448810
14448913
14448964
14448973
14449025
14449118
14449190
14449205
14449207
14449210
14449254
14449272
14449297
14449312
14449329
14449391
14449393
14449413
14449415
14449441
14449476
14449488
14449590
14449598
14449605
14449627
14449630
14449639
14449657
14449668
14449675
14449677
14449682
14449696
14449737
14449793
14449823
14449838
14449880
14449912
14450003
14450026
14450042
14450107
14450185
14450192
14450465
14450470
14451168
14451175
14451229
14451355
14451446
14451772
14451785
14452192
14452510
14452568
14452613
14452715
14452723
14452760
14452800
14452821
14452839
14452920
14452970
14452995
14453013
14453036
14453052
14453055
14453114
14453162
14453180
14453209
14453216
14453278
14453379
14453383
14453532
14453548
14453609
14453638
14453692
14453833
14453846
14453910
14453920
14453997
14454017
14454058
14454069
14454077
14454085
14454212
14454279
14454358
14454375
14454387
14454394
14454411
14454439
14454446
14454450
14454465
14454476
14454503
14454531
14454614
14454627
14454646
14454654
14454666
14454706
14454728
14454774
14454786
14454794
14454807
14454851
14454873
14454944
14454947
14455041
14455117
14455172
14455222
14455261
14455360
14455382
14455427
14455428
14455434
14455602
14455631
14455651
14455712
14455725
14455730
14455764
14455785
14455800
14455836
14455839
14455849
14455943
14455952
14456029
14456071
14456083
14456109
14456141
14456177
14456190
14456191
14456253
14456283
14456361
14456498
14456515
14456540
14456547
14456620
14456753
14456812
14456821
14456884
14457079
14457093
14457397
14457776
14458642
14458778
14458861
14458886
14458990
14459028
14459046
14459160
14459279
14459295
14459350
14459369
14459409
14459422
14459507
14459516
14459609
14459652
14459701
14459863
14459977
14459993
14460118
14460127
14460308
14460315
14460355
14460405
14460452
14460543
14460603
14460612
14460640
14460694
14460724
14460737
14460776
14460799
14460812
14460853
14460992
14460998
14461032
14461041
14461066
14461140
14461234
14461237
14461245
14461345
14461354
14461377
14461386
14461433
14461492
14461580
14461619
14461677
14461680
14461701
14461706
14461717
14461744
14461880
14461882
14461948
14462073
14462083
14462109
14462113
14462118
14462143
14462175
14462194
14462225
14462239
14462266
14462490
14462493
14462522
14462534
14462535
14462562
14462575
14462586
14462604
14462623
14462625
14462668
14462670
14462709
14462807
14462830
14462840
14462876
14462897
14462906
14462928
14462988
14463126
14463194
14463341
14463413
14463562
14463736
14463857
14464454
14464546
14464725
14464781
14464873
14464874
14464903
14465000
14465001
14465020
14465057
14465102
14465186
14465236
14465256
14465282
14465296
14465316
14465481
14465703
14465708
14465759
14465790
14465851
14465884
14465896
14465970
14466001
14466082
14466132
14466139
14466172
14466184
14466204
14466299
14466366
14466501
14466556
14466764
14466855
14466902
14466920
14466941
14467107
14467182
14467338
14467344
14467397
14467478
14467555
14467708
14467768
14467779
14467815
14467883
14467895
14467912
14467927
14467929
14467944
14467949
14468038
14468049
14468200
14468314
14468320
14468331
14468343
14468424
14468428
14468442
14468526
14468549
14468594
14468612
14468778
14468868
14468891
14468892
14468907
14468909
14468999
14469043
14469070
14469093
14469230
14469293
14469364
14469832
14469943
14469944
14470689
14470737
14470776
14470930
14471047
14471205
14471227
14471415
14471452
14471541
14471579
14471631
14471662
14471712
14471727
14471760
14471773
14471804
14471809
14471813
14471848
14471886
14471911
14471912
14471935
14471944
14471949
14471957
14471981
14471987
14471988
14472047
14472082
14472103
14472129
14472151
14472156
14472161
14472182
14472219
14472225
14472272
14472283
14472285
14472308
14472459
14472475
14472493
14472525
14472534
14472578
14472597
14472619
14472716
14472733
14472741
14472765
14472787
14472845
14472885
14472896
14472904
14472906
14472950
14472995
14473009
14473065
14473200
14473222
14473243
14473268
14473295
14473297
14473318
14473328
14473352
14473363
14473399
14473418
14473426
14473457
14473465
14473537
14473590
14473592
14473602
14473654
14473671
14473681
14473701
14473703
14473724
14473730
14473737
14473765
14473782
14473792
14473793
14473810
14473837
14473859
14473884
14473895
14473898
14473909
14473915
14473929
14473936
14474001
14474009
14474014
14474046
14474103
14474159
14474217
14474230
14474269
14474340
14474369
14474435
14474475
14474520
14474539
14474547
14474628
14474655
14474686
14474702
14474816
14474841
14474866
14474880
14474883
14474954
14474987
14475014
14475021
14475047
14475081
14475092
14475107
14475114
14475116
14475132
14475235
14475248
14475257
14475267
14475340
14475377
14475407
14475564
14476489
14476744
14477148
14477158
14477238
14477545
14477721
14477725
14477917
14478264
14478273
14478292
14478510
14478616
14478624
14478635
14478642
14478644
14478651
14478711
14478779
14478860
14478897
14479094
14479109
14479298
14479326
14479333
14479382
14479394
14479433
14479447
14479456
14479471
14479562
14479655
14479670
14479700
14479705
14479868
14479906
14479954
14479970
14479973
14479997
14480101
14480106
14480257
14480282
14480293
14480303
14480321
14480361
14480371
14480376
14480380
14480383
14480391
14480396
14480404
14480415
14480422
14480427
14480445
14480454
14480456
14480457
14480473
14480474
14480480
14480494
14480500
14480501
14480509
14480526
14480532
14480546
14480549
14480586
14480599
14480618
14480667
14480673
14480674
14480707
14480741
14480784
14480816
14480861
14480862
14480913
14480921
14480977
14480986
14481036
14481041
14481048
14481104
14481119
14481121
14481123
14481141
14481145
14481155
14481161
14481275
14481303
14481315
14481323
14481332
14481333
14481446
14481473
14481478
14481498
14481508
14481542
14481546
14481547
14481585
14481596
14481648
14481697
14481698
14481729
14481742
14481756
14481873
14481925
14481948
14482128
14482132
14482183
14482380
14482608
14482610
14483352
14483403
14483405
14483440
14483744
14483752
14484039
14484081
14484201
14484216
14484225
14484243
14484267
14484289
14484301
14484309
14484421
14484434
14484438
14484457
14484482
14484566
14484571
14484605
14484652
14484662
14484665
14484703
14484900
14484962
14485005
14485061
14485116
14485240
14485250
14485308
14485328
14485352
14485362
14485375
14485377
14485388
14485389
14485547
14485565
14485592
14485596
14485624
14485630
14485777
14485800
14485822
14485874
14485879
14485888
14485891
14485902
14485911
14485937
14485991
14486104
14486162
14486375
14486427
14486428
14486484
14486506
14486528
14486626
14486641
14486732
14486767
14486782
14486786
14486842
14486852
14486904
14486957
14487005
14487034
14487171
14487227
14487342
14487435
14487728
14487769
14487778
14487938
14487995
14488000
14488033
14488039
14488051
14488201
14488212
14488218
14488311
14488355
14488361
14488399
14488533
14488553
14488715
14489042
14489449
14489514
14489580
14489647
14489859
14489947
14490044
14490170
14490311
14490414
14490444
14490617
14490644
14490682
14490715
14490774
14490793
14490794
14490887
14490940
14491014
14491038
14491129
14491144
14491219
14491258
14491415
14491434
14491464
14491488
14491501
14491507
14491568
14491595
14491619
14491657
14491689
14491724
14491786
14491787
14491796
14491811
14491853
14491872
14491900
14491932
14491936
14491982
14492046
14492139
14492140
14492220
14492260
14492323
14492329
14492337
14492374
14492400
14492436
14492456
14492473
14492499
14492507
14492513
14492543
14492549
14492553
14492705
14492712
14492731
14492743
14492758
14492762
14492764
14492768
14492783
14492791
14492797
14492819
14492849
14492856
14492857
14492864
14492913
14492916
14492938
14492994
14493102
14493150
14493194
14493263
14493271
14493278
14493327
14493393
14493414
14493546
14493598
14493637
14493653
14493660
14493663
14493698
14493720
14493760
14493791
14493815
14493830
14493831
14493866
14493885
14493943
14494171
14494233
14494327
14494338
14494423
14494472
14494487
14494518
14494522
14494523
14494542
14494604
14494656
14494707
14494801
14494807
14494821
14494830
14494844
14494855
14494876
14494885
14494913
14494950
14495011
14495053
14495073
14495155
14495171
14495293
14495425
14495428
14495547
14495611
14495633
14495789
14495862
14495961
14496084
14496539
14496696
14496822
14496827
14496870
14496924
14496937
14497040
14497051
14497318
14497469
14497478
14497486
14497492
14497532
14497584
14497594
14497596
14497663
14497703
14497714
14497721
14497805
14497812
14497850
14497852
14497854
14497878
14497908
14497955
14497969
14498019
14498084
14498128
14498235
14498258
14498273
14498465
14498507
14498585
14498602
14498712
14498740
14498798
14498809
14498834
14498849
14498874
14498887
14498902
14498927
14498930
14498931
14498955
14499027
14499047
14499056
14499088
14499161
14499299
14499400
14499487
14499633
14499636
14499741
14499759
14499790
14499805
