14344789
14344970
14345103
14345167
14345194
14345198
14345618
14345784
14345949
14346038
14346143
14346229
14346991
14347100
14347137
14347235
14347448
14347524
14347910
14347972
14348057
14348264
14348296
14348718
14348768
14348789
14348865
14348872
14348891
14349324
14349582
14349650
14349676
14349680
14349682
14349952
14350174
14350185
14350194
14350204
14350217
14350271
14350309
14350323
14350616
14350850
14351423
14351464
14351628
14352056
14352460
14352647
14352666
14352967
14353024
14353593
14353661
14353730
14353987
14354125
14354261
14354264
14354436
14354592
14354643
14354652
14354845
14355356
14355504
14355552
14355632
14356210
14356214
14356236
14356238
14356240
14356255
14356449
14356454
14356899
14356902
14356904
14356913
14356990
14357014
14357051
14357071
14357254
14357464
14357820
14357856
14358162
14358427
14358467
14358484
14358819
14358982
14359071
14359226
14359228
14359358
14359405
14359415
14359579
14359787
14359905
14360022
14360812
14360903
14360907
14361492
14361905
14362225
14362422
14362479
14362563
14362814
14362866
14363047
14363294
14363341
14363384
14363402
14363799
14363826
14363908
14363910
14364008
14364145
14364314
14364350
14364614
14364780
14364812
14364919
14365158
14365230
14365248
14365274
14365286
14365318
14365324
14365355
14365361
14365411
14365727
14365736
14365802
14366015
14366019
14366235
14366324
14366325
14366506
14366551
14366569
14367081
14367476
14367504
14367563
14367595
14367787
14367883
14367905
14368311
14368743
14368749
14368986
14368989
14369009
14369134
14369604
14369730
14369845
14369859
14369984
14370056
14370087
14370151
14370204
14370352
14370375
14370381
14370390
14370413
14370463
14370676
14370886
14371067
14371222
14371303
14372181
14372439
14372530
14372745
14372751
14372766
14372789
14372984
14373158
14373805
14373936
14374142
14374678
14375283
14375670
14375680
14375863
14375917
14376001
14376384
14376832
14377210
14377291
14377428
14377459
14377578
14378004
14378192
14378286
14378294
14378313
14378455
14378461
14378563
14378570
14379085
14379095
14379351
14379626
14379854
14379863
14380349
14380354
14380385
14380426
14380436
14380444
14380748
14380999
14381122
14381126
14381129
14381685
14381690
14381717
14381824
14382029
14382219
14382223
14382515
14382542
14383012
14383224
14383739
14383827
14384076
14384213
14384266
14384355
14384399
14384488
14384490
14384538
14384785
14384929
14384993
14385045
14385183
14385460
14385761
14385790
14385792
14385828
14385852
14386003
14386219
14386269
14386553
14387230
14387418
14387479
14387541
14387728
14387771
14387879
14388069
14388174
14388208
14388231
14388338
14388552
14388686
14388782
14388843
14388869
14389029
14389035
14389184
14389355
14389481
14389484
14389576
14389757
14389844
14390569
14390774
14390907
14390955
14390956
14391199
14391631
14391693
14392064
14392178
14392322
14392371
14392435
14392499
14392777
14392913
14393002
14393111
14393116
14393273
14393277
14393427
14394072
14394441
14394493
14394580
14394793
14394811
14394816
14394841
14394915
14394935
14394987
14395121
14395305
14395594
14395788
14396052
14396279
14396487
14396520
14396571
14396741
14396745
14396840
14397004
14397283
14397357
14397881
14398115
14398118
14398270
14398773
14398949
14399110
14399134
14399210
14399425
14399458
14399463
14399614
14399628
14399713
14399766
14400180
14400209
14400231
14400440
14401008
14401532
14402231
14402488
14402879
14403027
14403049
14403097
14403228
14403660
14403811
14403971
14403984
14403989
14403990
14403993
14404527
14404727
14404738
14404815
14405209
14405879
14406015
14406354
14406444
14406743
14406766
14407153
14407567
14407775
14408094
14408466
14408494
14408613
14408640
14408700
14408970
14409241
14410497
14410718
14410756
14410757
14410758
14410760
14410771
14410789
14410989
14410991
14411179
14411211
14411312
14411653
14411736
14411870
14412051
14412254
14412351
14412471
14412490
14412499
14412514
14412972
14413170
14413321
14413329
14413799
14414524
14414783
14415009
14415400
14415671
14415682
14415889
14416012
14416265
14416290
14416598
14416599
14416600
14416607
14416608
14416609
14416612
14416614
14416644
14417112
14417261
14417273
14417279
14417363
14417403
14417611
14417656
14418228
14418492
14418575
14418650
14418938
14419550
14419584
14419759
14419764
14420066
14420363
14420642
14420699
14420947
14420955
14421639
14421873
14422188
14422652
14422869
14423142
14423177
14423872
14424076
14424213
14424468
14424565
14424660
14424676
14424696
14425210
14425338
14425367
14425386
14425513
14425689
14425976
14426304
14426323
14426482
14426738
14427050
14427261
14427272
14427925
14427977
14428006
14428075
14428124
14428152
14428399
14428474
14428669
14428673
14428776
14428863
14428885
14428966
14428999
14429098
14429284
14429363
14429670
14429677
14429807
14429971
14430026
14430151
14430152
14430248
14430359
14430378
14430388
14430484
14430518
14430618
14430639
14430657
14430760
14430976
14430979
14431058
14431287
14431406
14431893
14431903
14431905
14431923
14432823
14433017
14433331
14433426
14433428
14433511
14433647
14433648
14433654
14433949
14433964
14434299
14434414
14434649
14434855
14434967
14435090
14435441
14435451
14435541
14435946
14435971
14436010
14436020
14436114
14436128
14437281
14438184
14438507
14438553
14438609
14438854
14438998
14439075
14439128
14439169
14439284
14439465
14439532
14439533
14439631
14439665
14439667
14439690
14439873
14439892
14440489
14440711
14440732
14440779
14440851
14441084
14441274
14441456
14441525
14441588
14441628
14441634
14441674
14441685
14441938
14442155
14442431
14442445
14442742
14443016
14443196
14443230
14443252
14443420
14443430
14443551
14443770
14444049
14444495
14445064
14445477
14445504
14445575
14445653
14445717
14445738
14446072
14446237
14446499
14446545
14446734
14446808
14447213
14447214
14447226
14447336
14447743
14447747
14447960
14448110
14448530
14448701
14448734
14448752
14448831
14448836
14448885
14449006
14449098
14449286
14449500
14449618
14449692
14449748
14449843
14449844
14449846
14449855
14450684
14450792
14450939
14451519
14451675
14451811
14452483
14452488
14452616
14453456
14454084
14454293
14454294
14454295
14454340
14454353
14454387
14454404
14454481
14454801
14454843
14454896
14454931
14455061
14455210
14455250
14455331
14455480
14455759
14455788
14456271
14456273
14456398
14456638
14456702
14457106
14457135
14457194
14457396
14457397
14457475
14457609
14457658
14457668
14457784
14457973
14458352
14458484
14459151
14459365
14459443
14459600
14459681
14459684
14459946
14460046
14460299
14460505
14460585
14460669
14460803
14460918
14461181
14461188
14461357
14461421
14461720
14461741
14462128
14462250
14462260
14462597
14463038
14463122
14463289
14463549
14463928
14464023
14464159
14464475
14464573
14464651
14464723
14464809
14465082
14465472
14465612
14465751
14466289
14466529
14466531
14466679
14466936
14466985
14467257
14467392
14467581
14467583
14467752
14467779
14467793
14467807
14468253
14468381
14468700
14468879
14469071
14469096
14469135
14469136
14469193
14469347
14469352
14469360
14469941
14469943
14469992
14470472
14470481
14470728
14471069
14471175
14471226
14471310
14471337
14471371
14471698
14471730
14471788
14472192
14472715
14473135
14473161
14473163
14473730
14473798
14473801
14473802
14473839
14473892
14474066
14474096
14474104
14474129
14474427
14474952
14475094
14475368
14475440
14476466
14476593
14476604
14476636
14477047
14477235
14477295
14477374
14477379
14477534
14477653
14477656
14478075
14478128
14478232
14478351
14478368
14479007
14479072
14479095
14479152
14479197
14479307
14479496
14479604
14479726
14479886
14480036
14480150
14480151
14480154
14480183
14480275
14480399
14480500
14480565
14480568
14480801
14480824
14480918
14480955
14481034
14481043
14481054
14481139
14481152
14481310
14481313
14481480
14481597
14481773
14481871
14482056
14482076
14482077
14482276
14482329
14482351
14482959
14483033
14483063
14483072
14483127
14483128
14483142
14483153
14483246
14483411
14483560
14483610
14483746
14483928
14484003
14484082
14484216
14484521
14484609
14484706
14484720
14484775
14484971
14485059
14485315
14485433
14485851
14485866
14485877
14486229
14486477
14486681
14487055
14487070
14487071
14487160
14487198
14487327
14487532
14487556
14487745
14487850
14488007
14488116
14488136
14488891
14489050
14489074
14489106
14489157
14489329
14490240
14490713
14490834
14491207
14491295
14491296
14491579
14491735
14491780
14491891
14491923
14492031
14492066
14492097
14492163
14492635
14492729
14492801
14492948
14493363
14493378
14493452
14493480
14493551
14493759
14494054
14494064
14494121
14494134
14494162
14494177
14494294
14494360
14494365
14494373
14494375
14494414
14494454
14494563
14494579
14494730
14494732
14494818
14494855
14495016
14495018
14495038
14495083
14495107
14495274
14495441
14495597
14495691
14495753
14496296
14496526
14497173
14497197
14497209
14497681
14497687
14497723
14497767
14498191
14498193
14498647
14498678
14498773
14499108
14499194
14499302
14499617
14499720
14499921
